epoch,score,module,loss,optimizer,metrics,device,cluster,grads_per_worker,max_epochs,lr,batch_size,max_batch_size,worker_max_batch_size,min_workers,max_workers,random_state,module__depth,module__widen_factor,module__dropout_rate,module__num_classes,optimizer__lr,optimizer__momentum,optimizer__nesterov,optimizer__weight_decay,client,n_updates,n_data,score__calls,partial_fit__calls,n_workers,damping_,batch_size_,lr_,partial_fit__time,score__acc,score__loss,score__time
0,0.6290000081062317,<class 'model.Wide_ResNet'>,<class 'torch.nn.modules.loss.CrossEntropyLoss'>,<class 'torch.optim.sgd.SGD'>,,cuda:0,,128,200,0.05,128,99999999,1024,1,8,,16,4,0.3,10,0.05,0.9,True,0.0005,"<Client: 'inproc://172.31.40.124/3098/1' processes=1 threads=4, memory=16.48 GB>",391,50048,1,1,1,128,128,0.05,36.81062412261963,0.6290000081062317,1.0416071594238279,0.0
1,0.694599986076355,<class 'model.Wide_ResNet'>,<class 'torch.nn.modules.loss.CrossEntropyLoss'>,<class 'torch.optim.sgd.SGD'>,,cuda:0,,128,200,0.05,128,99999999,1024,1,8,,16,4,0.3,10,0.05,0.9,True,0.0005,"<Client: 'inproc://172.31.40.124/3098/1' processes=1 threads=4, memory=16.48 GB>",782,100096,2,2,1,128,128,0.05,36.79934096336365,0.694599986076355,0.87466591796875,0.0
2,0.7508999705314636,<class 'model.Wide_ResNet'>,<class 'torch.nn.modules.loss.CrossEntropyLoss'>,<class 'torch.optim.sgd.SGD'>,,cuda:0,,128,200,0.05,128,99999999,1024,1,8,,16,4,0.3,10,0.05,0.9,True,0.0005,"<Client: 'inproc://172.31.40.124/3098/1' processes=1 threads=4, memory=16.48 GB>",1173,150144,3,3,1,128,128,0.05,36.95718050003052,0.7508999705314636,0.7238953552246093,0.0
3,0.7793999910354614,<class 'model.Wide_ResNet'>,<class 'torch.nn.modules.loss.CrossEntropyLoss'>,<class 'torch.optim.sgd.SGD'>,,cuda:0,,128,200,0.05,128,99999999,1024,1,8,,16,4,0.3,10,0.05,0.9,True,0.0005,"<Client: 'inproc://172.31.40.124/3098/1' processes=1 threads=4, memory=16.48 GB>",1564,200192,4,4,1,128,128,0.05,36.75426959991455,0.7793999910354614,0.6629802673339844,0.0
4,0.8016999959945679,<class 'model.Wide_ResNet'>,<class 'torch.nn.modules.loss.CrossEntropyLoss'>,<class 'torch.optim.sgd.SGD'>,,cuda:0,,128,200,0.05,128,99999999,1024,1,8,,16,4,0.3,10,0.05,0.9,True,0.0005,"<Client: 'inproc://172.31.40.124/3098/1' processes=1 threads=4, memory=16.48 GB>",1955,250240,5,5,1,128,128,0.05,36.58463168144226,0.8016999959945679,0.5765888427734375,0.0
5,0.8024999499320984,<class 'model.Wide_ResNet'>,<class 'torch.nn.modules.loss.CrossEntropyLoss'>,<class 'torch.optim.sgd.SGD'>,,cuda:0,,128,200,0.05,128,99999999,1024,1,8,,16,4,0.3,10,0.05,0.9,True,0.0005,"<Client: 'inproc://172.31.40.124/3098/1' processes=1 threads=4, memory=16.48 GB>",2346,300288,6,6,1,128,128,0.05,37.01895713806152,0.8024999499320984,0.5835817260742188,0.0
6,0.8096999526023865,<class 'model.Wide_ResNet'>,<class 'torch.nn.modules.loss.CrossEntropyLoss'>,<class 'torch.optim.sgd.SGD'>,,cuda:0,,128,200,0.05,128,99999999,1024,1,8,,16,4,0.3,10,0.05,0.9,True,0.0005,"<Client: 'inproc://172.31.40.124/3098/1' processes=1 threads=4, memory=16.48 GB>",2737,350336,7,7,1,128,128,0.05,36.61382555961609,0.8096999526023865,0.5618745422363282,0.0
7,0.8320999741554259,<class 'model.Wide_ResNet'>,<class 'torch.nn.modules.loss.CrossEntropyLoss'>,<class 'torch.optim.sgd.SGD'>,,cuda:0,,128,200,0.05,128,99999999,1024,1,8,,16,4,0.3,10,0.05,0.9,True,0.0005,"<Client: 'inproc://172.31.40.124/3098/1' processes=1 threads=4, memory=16.48 GB>",3128,400384,8,8,1,128,128,0.05,36.709726095199585,0.8320999741554259,0.5052192657470703,0.0
8,0.8307999968528748,<class 'model.Wide_ResNet'>,<class 'torch.nn.modules.loss.CrossEntropyLoss'>,<class 'torch.optim.sgd.SGD'>,,cuda:0,,128,200,0.05,128,99999999,1024,1,8,,16,4,0.3,10,0.05,0.9,True,0.0005,"<Client: 'inproc://172.31.40.124/3098/1' processes=1 threads=4, memory=16.48 GB>",3519,450432,9,9,1,128,128,0.05,36.671966791152954,0.8307999968528748,0.5073031768798828,0.0
9,0.8369999527931213,<class 'model.Wide_ResNet'>,<class 'torch.nn.modules.loss.CrossEntropyLoss'>,<class 'torch.optim.sgd.SGD'>,,cuda:0,,128,200,0.05,128,99999999,1024,1,8,,16,4,0.3,10,0.05,0.9,True,0.0005,"<Client: 'inproc://172.31.40.124/3098/1' processes=1 threads=4, memory=16.48 GB>",3910,500480,10,10,1,128,128,0.05,36.70232343673706,0.8369999527931213,0.4822050689697266,0.0
10,0.8292999863624573,<class 'model.Wide_ResNet'>,<class 'torch.nn.modules.loss.CrossEntropyLoss'>,<class 'torch.optim.sgd.SGD'>,,cuda:0,,128,200,0.05,128,99999999,1024,1,8,,16,4,0.3,10,0.05,0.9,True,0.0005,"<Client: 'inproc://172.31.40.124/3098/1' processes=1 threads=4, memory=16.48 GB>",4301,550528,11,11,1,128,128,0.05,36.69086050987244,0.8292999863624573,0.5030225128173829,0.0
11,0.8430999517440796,<class 'model.Wide_ResNet'>,<class 'torch.nn.modules.loss.CrossEntropyLoss'>,<class 'torch.optim.sgd.SGD'>,,cuda:0,,128,200,0.05,128,99999999,1024,1,8,,16,4,0.3,10,0.05,0.9,True,0.0005,"<Client: 'inproc://172.31.40.124/3098/1' processes=1 threads=4, memory=16.48 GB>",4692,600576,12,12,1,128,128,0.05,36.65300154685974,0.8430999517440796,0.4688594268798828,0.0
12,0.8443999886512756,<class 'model.Wide_ResNet'>,<class 'torch.nn.modules.loss.CrossEntropyLoss'>,<class 'torch.optim.sgd.SGD'>,,cuda:0,,128,200,0.05,128,99999999,1024,1,8,,16,4,0.3,10,0.05,0.9,True,0.0005,"<Client: 'inproc://172.31.40.124/3098/1' processes=1 threads=4, memory=16.48 GB>",5083,650624,13,13,1,128,128,0.05,36.67292046546936,0.8443999886512756,0.4538287841796875,0.0
13,0.8333999514579773,<class 'model.Wide_ResNet'>,<class 'torch.nn.modules.loss.CrossEntropyLoss'>,<class 'torch.optim.sgd.SGD'>,,cuda:0,,128,200,0.05,128,99999999,1024,1,8,,16,4,0.3,10,0.05,0.9,True,0.0005,"<Client: 'inproc://172.31.40.124/3098/1' processes=1 threads=4, memory=16.48 GB>",5474,700672,14,14,1,128,128,0.05,36.95855402946472,0.8333999514579773,0.4919215240478516,0.0
14,0.8466999530792236,<class 'model.Wide_ResNet'>,<class 'torch.nn.modules.loss.CrossEntropyLoss'>,<class 'torch.optim.sgd.SGD'>,,cuda:0,,128,200,0.05,128,99999999,1024,1,8,,16,4,0.3,10,0.05,0.9,True,0.0005,"<Client: 'inproc://172.31.40.124/3098/1' processes=1 threads=4, memory=16.48 GB>",5865,750720,15,15,1,128,128,0.05,36.56974530220032,0.8466999530792236,0.4497459625244141,0.0
15,0.8345999717712402,<class 'model.Wide_ResNet'>,<class 'torch.nn.modules.loss.CrossEntropyLoss'>,<class 'torch.optim.sgd.SGD'>,,cuda:0,,128,200,0.05,128,99999999,1024,1,8,,16,4,0.3,10,0.05,0.9,True,0.0005,"<Client: 'inproc://172.31.40.124/3098/1' processes=1 threads=4, memory=16.48 GB>",6256,800768,16,16,1,128,128,0.05,36.69486713409424,0.8345999717712402,0.4883944396972657,0.0
16,0.8388999700546265,<class 'model.Wide_ResNet'>,<class 'torch.nn.modules.loss.CrossEntropyLoss'>,<class 'torch.optim.sgd.SGD'>,,cuda:0,,128,200,0.05,128,99999999,1024,1,8,,16,4,0.3,10,0.05,0.9,True,0.0005,"<Client: 'inproc://172.31.40.124/3098/1' processes=1 threads=4, memory=16.48 GB>",6647,850816,17,17,1,128,128,0.05,36.59174060821533,0.8388999700546265,0.4766678924560547,0.0
17,0.8547999858856201,<class 'model.Wide_ResNet'>,<class 'torch.nn.modules.loss.CrossEntropyLoss'>,<class 'torch.optim.sgd.SGD'>,,cuda:0,,128,200,0.05,128,99999999,1024,1,8,,16,4,0.3,10,0.05,0.9,True,0.0005,"<Client: 'inproc://172.31.40.124/3098/1' processes=1 threads=4, memory=16.48 GB>",7038,900864,18,18,1,128,128,0.05,36.73019242286682,0.8547999858856201,0.43249840087890623,0.0
18,0.8427000045776367,<class 'model.Wide_ResNet'>,<class 'torch.nn.modules.loss.CrossEntropyLoss'>,<class 'torch.optim.sgd.SGD'>,,cuda:0,,128,200,0.05,128,99999999,1024,1,8,,16,4,0.3,10,0.05,0.9,True,0.0005,"<Client: 'inproc://172.31.40.124/3098/1' processes=1 threads=4, memory=16.48 GB>",7429,950912,19,19,1,128,128,0.05,36.59686541557312,0.8427000045776367,0.4732676696777344,0.0
19,0.8279999494552612,<class 'model.Wide_ResNet'>,<class 'torch.nn.modules.loss.CrossEntropyLoss'>,<class 'torch.optim.sgd.SGD'>,,cuda:0,,128,200,0.05,128,99999999,1024,1,8,,16,4,0.3,10,0.05,0.9,True,0.0005,"<Client: 'inproc://172.31.40.124/3098/1' processes=1 threads=4, memory=16.48 GB>",7820,1000960,20,20,1,128,128,0.05,36.724342584609985,0.8279999494552612,0.5261900268554688,0.0
20,0.8407999873161316,<class 'model.Wide_ResNet'>,<class 'torch.nn.modules.loss.CrossEntropyLoss'>,<class 'torch.optim.sgd.SGD'>,,cuda:0,,128,200,0.05,128,99999999,1024,1,8,,16,4,0.3,10,0.05,0.9,True,0.0005,"<Client: 'inproc://172.31.40.124/3098/1' processes=1 threads=4, memory=16.48 GB>",8211,1051008,21,21,1,128,128,0.05,36.59841871261597,0.8407999873161316,0.466037890625,0.0
21,0.856499969959259,<class 'model.Wide_ResNet'>,<class 'torch.nn.modules.loss.CrossEntropyLoss'>,<class 'torch.optim.sgd.SGD'>,,cuda:0,,128,200,0.05,128,99999999,1024,1,8,,16,4,0.3,10,0.05,0.9,True,0.0005,"<Client: 'inproc://172.31.40.124/3098/1' processes=1 threads=4, memory=16.48 GB>",8602,1101056,22,22,1,128,128,0.05,36.989012241363525,0.856499969959259,0.42159969787597656,0.0
22,0.8574000000953674,<class 'model.Wide_ResNet'>,<class 'torch.nn.modules.loss.CrossEntropyLoss'>,<class 'torch.optim.sgd.SGD'>,,cuda:0,,128,200,0.05,128,99999999,1024,1,8,,16,4,0.3,10,0.05,0.9,True,0.0005,"<Client: 'inproc://172.31.40.124/3098/1' processes=1 threads=4, memory=16.48 GB>",8993,1151104,23,23,1,128,128,0.05,36.59486484527588,0.8574000000953674,0.4305097473144531,0.0
23,0.851099967956543,<class 'model.Wide_ResNet'>,<class 'torch.nn.modules.loss.CrossEntropyLoss'>,<class 'torch.optim.sgd.SGD'>,,cuda:0,,128,200,0.05,128,99999999,1024,1,8,,16,4,0.3,10,0.05,0.9,True,0.0005,"<Client: 'inproc://172.31.40.124/3098/1' processes=1 threads=4, memory=16.48 GB>",9384,1201152,24,24,1,128,128,0.05,36.74429154396057,0.851099967956543,0.4354166076660157,0.0
24,0.8496999740600586,<class 'model.Wide_ResNet'>,<class 'torch.nn.modules.loss.CrossEntropyLoss'>,<class 'torch.optim.sgd.SGD'>,,cuda:0,,128,200,0.05,128,99999999,1024,1,8,,16,4,0.3,10,0.05,0.9,True,0.0005,"<Client: 'inproc://172.31.40.124/3098/1' processes=1 threads=4, memory=16.48 GB>",9775,1251200,25,25,1,128,128,0.05,36.69979238510132,0.8496999740600586,0.4537987396240234,0.0
25,0.8600999712944031,<class 'model.Wide_ResNet'>,<class 'torch.nn.modules.loss.CrossEntropyLoss'>,<class 'torch.optim.sgd.SGD'>,,cuda:0,,128,200,0.05,128,99999999,1024,1,8,,16,4,0.3,10,0.05,0.9,True,0.0005,"<Client: 'inproc://172.31.40.124/3098/1' processes=1 threads=4, memory=16.48 GB>",10166,1301248,26,26,1,128,128,0.05,36.75301456451416,0.8600999712944031,0.4170078216552735,0.0
26,0.8515999913215637,<class 'model.Wide_ResNet'>,<class 'torch.nn.modules.loss.CrossEntropyLoss'>,<class 'torch.optim.sgd.SGD'>,,cuda:0,,128,200,0.05,128,99999999,1024,1,8,,16,4,0.3,10,0.05,0.9,True,0.0005,"<Client: 'inproc://172.31.40.124/3098/1' processes=1 threads=4, memory=16.48 GB>",10557,1351296,27,27,1,128,128,0.05,36.64393377304077,0.8515999913215637,0.462886376953125,0.0
27,0.8587999939918518,<class 'model.Wide_ResNet'>,<class 'torch.nn.modules.loss.CrossEntropyLoss'>,<class 'torch.optim.sgd.SGD'>,,cuda:0,,128,200,0.05,128,99999999,1024,1,8,,16,4,0.3,10,0.05,0.9,True,0.0005,"<Client: 'inproc://172.31.40.124/3098/1' processes=1 threads=4, memory=16.48 GB>",10948,1401344,28,28,1,128,128,0.05,36.61968636512756,0.8587999939918518,0.4180255737304687,0.0
28,0.8527999520301819,<class 'model.Wide_ResNet'>,<class 'torch.nn.modules.loss.CrossEntropyLoss'>,<class 'torch.optim.sgd.SGD'>,,cuda:0,,128,200,0.05,128,99999999,1024,1,8,,16,4,0.3,10,0.05,0.9,True,0.0005,"<Client: 'inproc://172.31.40.124/3098/1' processes=1 threads=4, memory=16.48 GB>",11339,1451392,29,29,1,128,128,0.05,36.75357222557068,0.8527999520301819,0.4392688140869141,0.0
29,0.8495000004768372,<class 'model.Wide_ResNet'>,<class 'torch.nn.modules.loss.CrossEntropyLoss'>,<class 'torch.optim.sgd.SGD'>,,cuda:0,,128,200,0.05,128,99999999,1024,1,8,,16,4,0.3,10,0.05,0.9,True,0.0005,"<Client: 'inproc://172.31.40.124/3098/1' processes=1 threads=4, memory=16.48 GB>",11730,1501440,30,30,1,128,128,0.05,37.2756130695343,0.8495000004768372,0.4561900085449218,0.0
30,0.8582999706268309,<class 'model.Wide_ResNet'>,<class 'torch.nn.modules.loss.CrossEntropyLoss'>,<class 'torch.optim.sgd.SGD'>,,cuda:0,,128,200,0.05,128,99999999,1024,1,8,,16,4,0.3,10,0.05,0.9,True,0.0005,"<Client: 'inproc://172.31.40.124/3098/1' processes=1 threads=4, memory=16.48 GB>",12121,1551488,31,31,1,128,128,0.05,36.6712691783905,0.8582999706268309,0.4224322998046875,0.0
31,0.856499969959259,<class 'model.Wide_ResNet'>,<class 'torch.nn.modules.loss.CrossEntropyLoss'>,<class 'torch.optim.sgd.SGD'>,,cuda:0,,128,200,0.05,128,99999999,1024,1,8,,16,4,0.3,10,0.05,0.9,True,0.0005,"<Client: 'inproc://172.31.40.124/3098/1' processes=1 threads=4, memory=16.48 GB>",12512,1601536,32,32,1,128,128,0.05,36.5888934135437,0.856499969959259,0.4303137329101562,0.0
32,0.8600999712944031,<class 'model.Wide_ResNet'>,<class 'torch.nn.modules.loss.CrossEntropyLoss'>,<class 'torch.optim.sgd.SGD'>,,cuda:0,,128,200,0.05,128,99999999,1024,1,8,,16,4,0.3,10,0.05,0.9,True,0.0005,"<Client: 'inproc://172.31.40.124/3098/1' processes=1 threads=4, memory=16.48 GB>",12903,1651584,33,33,1,128,128,0.05,36.87735342979431,0.8600999712944031,0.42031470947265626,0.0
33,0.8534999489784241,<class 'model.Wide_ResNet'>,<class 'torch.nn.modules.loss.CrossEntropyLoss'>,<class 'torch.optim.sgd.SGD'>,,cuda:0,,128,200,0.05,128,99999999,1024,1,8,,16,4,0.3,10,0.05,0.9,True,0.0005,"<Client: 'inproc://172.31.40.124/3098/1' processes=1 threads=4, memory=16.48 GB>",13294,1701632,34,34,1,128,128,0.05,36.95331144332886,0.8534999489784241,0.4473858520507813,0.0
34,0.8618999719619751,<class 'model.Wide_ResNet'>,<class 'torch.nn.modules.loss.CrossEntropyLoss'>,<class 'torch.optim.sgd.SGD'>,,cuda:0,,128,200,0.05,128,99999999,1024,1,8,,16,4,0.3,10,0.05,0.9,True,0.0005,"<Client: 'inproc://172.31.40.124/3098/1' processes=1 threads=4, memory=16.48 GB>",13685,1751680,35,35,1,128,128,0.05,36.9600670337677,0.8618999719619751,0.4143422943115234,0.0
35,0.8647999763488771,<class 'model.Wide_ResNet'>,<class 'torch.nn.modules.loss.CrossEntropyLoss'>,<class 'torch.optim.sgd.SGD'>,,cuda:0,,128,200,0.05,128,99999999,1024,1,8,,16,4,0.3,10,0.05,0.9,True,0.0005,"<Client: 'inproc://172.31.40.124/3098/1' processes=1 threads=4, memory=16.48 GB>",14076,1801728,36,36,1,128,128,0.05,36.57563138008118,0.8647999763488771,0.40697418212890624,0.0
36,0.8615999817848206,<class 'model.Wide_ResNet'>,<class 'torch.nn.modules.loss.CrossEntropyLoss'>,<class 'torch.optim.sgd.SGD'>,,cuda:0,,128,200,0.05,128,99999999,1024,1,8,,16,4,0.3,10,0.05,0.9,True,0.0005,"<Client: 'inproc://172.31.40.124/3098/1' processes=1 threads=4, memory=16.48 GB>",14467,1851776,37,37,1,128,128,0.05,36.652787923812866,0.8615999817848206,0.40672069396972654,0.0
37,0.8747999668121338,<class 'model.Wide_ResNet'>,<class 'torch.nn.modules.loss.CrossEntropyLoss'>,<class 'torch.optim.sgd.SGD'>,,cuda:0,,128,200,0.05,128,99999999,1024,1,8,,16,4,0.3,10,0.05,0.9,True,0.0005,"<Client: 'inproc://172.31.40.124/3098/1' processes=1 threads=4, memory=16.48 GB>",14858,1901824,38,38,1,128,128,0.05,36.96743893623352,0.8747999668121338,0.378463134765625,0.0
38,0.8427000045776367,<class 'model.Wide_ResNet'>,<class 'torch.nn.modules.loss.CrossEntropyLoss'>,<class 'torch.optim.sgd.SGD'>,,cuda:0,,128,200,0.05,128,99999999,1024,1,8,,16,4,0.3,10,0.05,0.9,True,0.0005,"<Client: 'inproc://172.31.40.124/3098/1' processes=1 threads=4, memory=16.48 GB>",15249,1951872,39,39,1,128,128,0.05,36.92366647720337,0.8427000045776367,0.4574666839599609,0.0
39,0.8562999963760376,<class 'model.Wide_ResNet'>,<class 'torch.nn.modules.loss.CrossEntropyLoss'>,<class 'torch.optim.sgd.SGD'>,,cuda:0,,128,200,0.05,128,99999999,1024,1,8,,16,4,0.3,10,0.05,0.9,True,0.0005,"<Client: 'inproc://172.31.40.124/3098/1' processes=1 threads=4, memory=16.48 GB>",15640,2001920,40,40,1,128,128,0.05,36.84252882003784,0.8562999963760376,0.4189746551513672,0.0
40,0.8679999709129333,<class 'model.Wide_ResNet'>,<class 'torch.nn.modules.loss.CrossEntropyLoss'>,<class 'torch.optim.sgd.SGD'>,,cuda:0,,128,200,0.05,128,99999999,1024,1,8,,16,4,0.3,10,0.05,0.9,True,0.0005,"<Client: 'inproc://172.31.40.124/3098/1' processes=1 threads=4, memory=16.48 GB>",16031,2051968,41,41,1,128,128,0.05,36.701940059661865,0.8679999709129333,0.3934919219970704,0.0
41,0.85589998960495,<class 'model.Wide_ResNet'>,<class 'torch.nn.modules.loss.CrossEntropyLoss'>,<class 'torch.optim.sgd.SGD'>,,cuda:0,,128,200,0.05,128,99999999,1024,1,8,,16,4,0.3,10,0.05,0.9,True,0.0005,"<Client: 'inproc://172.31.40.124/3098/1' processes=1 threads=4, memory=16.48 GB>",16422,2102016,42,42,1,128,128,0.05,36.6579852104187,0.85589998960495,0.4204313690185547,0.0
42,0.8671999573707581,<class 'model.Wide_ResNet'>,<class 'torch.nn.modules.loss.CrossEntropyLoss'>,<class 'torch.optim.sgd.SGD'>,,cuda:0,,128,200,0.05,128,99999999,1024,1,8,,16,4,0.3,10,0.05,0.9,True,0.0005,"<Client: 'inproc://172.31.40.124/3098/1' processes=1 threads=4, memory=16.48 GB>",16813,2152064,43,43,1,128,128,0.05,36.7327778339386,0.8671999573707581,0.3943121795654297,0.0
43,0.8702999949455261,<class 'model.Wide_ResNet'>,<class 'torch.nn.modules.loss.CrossEntropyLoss'>,<class 'torch.optim.sgd.SGD'>,,cuda:0,,128,200,0.05,128,99999999,1024,1,8,,16,4,0.3,10,0.05,0.9,True,0.0005,"<Client: 'inproc://172.31.40.124/3098/1' processes=1 threads=4, memory=16.48 GB>",17204,2202112,44,44,1,128,128,0.05,36.91959357261658,0.8702999949455261,0.38907340087890624,0.0
44,0.8553999662399292,<class 'model.Wide_ResNet'>,<class 'torch.nn.modules.loss.CrossEntropyLoss'>,<class 'torch.optim.sgd.SGD'>,,cuda:0,,128,200,0.05,128,99999999,1024,1,8,,16,4,0.3,10,0.05,0.9,True,0.0005,"<Client: 'inproc://172.31.40.124/3098/1' processes=1 threads=4, memory=16.48 GB>",17595,2252160,45,45,1,128,128,0.05,36.76846194267273,0.8553999662399292,0.4411018096923828,0.0
45,0.8554999828338623,<class 'model.Wide_ResNet'>,<class 'torch.nn.modules.loss.CrossEntropyLoss'>,<class 'torch.optim.sgd.SGD'>,,cuda:0,,128,200,0.05,128,99999999,1024,1,8,,16,4,0.3,10,0.05,0.9,True,0.0005,"<Client: 'inproc://172.31.40.124/3098/1' processes=1 threads=4, memory=16.48 GB>",17986,2302208,46,46,1,128,128,0.05,37.1253297328949,0.8554999828338623,0.4342870727539063,0.0
46,0.8590999841690063,<class 'model.Wide_ResNet'>,<class 'torch.nn.modules.loss.CrossEntropyLoss'>,<class 'torch.optim.sgd.SGD'>,,cuda:0,,128,200,0.05,128,99999999,1024,1,8,,16,4,0.3,10,0.05,0.9,True,0.0005,"<Client: 'inproc://172.31.40.124/3098/1' processes=1 threads=4, memory=16.48 GB>",18377,2352256,47,47,1,128,128,0.05,36.71904945373535,0.8590999841690063,0.42244422912597657,0.0
47,0.871399998664856,<class 'model.Wide_ResNet'>,<class 'torch.nn.modules.loss.CrossEntropyLoss'>,<class 'torch.optim.sgd.SGD'>,,cuda:0,,128,200,0.05,128,99999999,1024,1,8,,16,4,0.3,10,0.05,0.9,True,0.0005,"<Client: 'inproc://172.31.40.124/3098/1' processes=1 threads=4, memory=16.48 GB>",18768,2402304,48,48,1,128,128,0.05,36.9082510471344,0.871399998664856,0.392090234375,0.0
48,0.849399983882904,<class 'model.Wide_ResNet'>,<class 'torch.nn.modules.loss.CrossEntropyLoss'>,<class 'torch.optim.sgd.SGD'>,,cuda:0,,128,200,0.05,128,99999999,1024,1,8,,16,4,0.3,10,0.05,0.9,True,0.0005,"<Client: 'inproc://172.31.40.124/3098/1' processes=1 threads=4, memory=16.48 GB>",19159,2452352,49,49,1,128,128,0.05,37.10833740234375,0.849399983882904,0.4515304992675781,0.0
49,0.8624999523162842,<class 'model.Wide_ResNet'>,<class 'torch.nn.modules.loss.CrossEntropyLoss'>,<class 'torch.optim.sgd.SGD'>,,cuda:0,,128,200,0.05,128,99999999,1024,1,8,,16,4,0.3,10,0.05,0.9,True,0.0005,"<Client: 'inproc://172.31.40.124/3098/1' processes=1 threads=4, memory=16.48 GB>",19550,2502400,50,50,1,128,128,0.05,36.873047828674316,0.8624999523162842,0.4131860961914062,0.0
50,0.8588999509811401,<class 'model.Wide_ResNet'>,<class 'torch.nn.modules.loss.CrossEntropyLoss'>,<class 'torch.optim.sgd.SGD'>,,cuda:0,,128,200,0.05,128,99999999,1024,1,8,,16,4,0.3,10,0.05,0.9,True,0.0005,"<Client: 'inproc://172.31.40.124/3098/1' processes=1 threads=4, memory=16.48 GB>",19941,2552448,51,51,1,128,128,0.05,36.9117865562439,0.8588999509811401,0.4187234527587891,0.0
51,0.8615999817848206,<class 'model.Wide_ResNet'>,<class 'torch.nn.modules.loss.CrossEntropyLoss'>,<class 'torch.optim.sgd.SGD'>,,cuda:0,,128,200,0.05,128,99999999,1024,1,8,,16,4,0.3,10,0.05,0.9,True,0.0005,"<Client: 'inproc://172.31.40.124/3098/1' processes=1 threads=4, memory=16.48 GB>",20332,2602496,52,52,1,128,128,0.05,36.84816861152649,0.8615999817848206,0.41316774291992187,0.0
52,0.8643999695777893,<class 'model.Wide_ResNet'>,<class 'torch.nn.modules.loss.CrossEntropyLoss'>,<class 'torch.optim.sgd.SGD'>,,cuda:0,,128,200,0.05,128,99999999,1024,1,8,,16,4,0.3,10,0.05,0.9,True,0.0005,"<Client: 'inproc://172.31.40.124/3098/1' processes=1 threads=4, memory=16.48 GB>",20723,2652544,53,53,1,128,128,0.05,36.676132678985596,0.8643999695777893,0.4075353271484375,0.0
53,0.8610000014305115,<class 'model.Wide_ResNet'>,<class 'torch.nn.modules.loss.CrossEntropyLoss'>,<class 'torch.optim.sgd.SGD'>,,cuda:0,,128,200,0.05,128,99999999,1024,1,8,,16,4,0.3,10,0.05,0.9,True,0.0005,"<Client: 'inproc://172.31.40.124/3098/1' processes=1 threads=4, memory=16.48 GB>",21114,2702592,54,54,1,128,128,0.05,37.20833659172058,0.8610000014305115,0.4237889831542969,0.0
54,0.8536999821662903,<class 'model.Wide_ResNet'>,<class 'torch.nn.modules.loss.CrossEntropyLoss'>,<class 'torch.optim.sgd.SGD'>,,cuda:0,,128,200,0.05,128,99999999,1024,1,8,,16,4,0.3,10,0.05,0.9,True,0.0005,"<Client: 'inproc://172.31.40.124/3098/1' processes=1 threads=4, memory=16.48 GB>",21505,2752640,55,55,1,128,128,0.05,36.93749380111694,0.8536999821662903,0.43501338806152345,0.0
55,0.8579999804496765,<class 'model.Wide_ResNet'>,<class 'torch.nn.modules.loss.CrossEntropyLoss'>,<class 'torch.optim.sgd.SGD'>,,cuda:0,,128,200,0.05,128,99999999,1024,1,8,,16,4,0.3,10,0.05,0.9,True,0.0005,"<Client: 'inproc://172.31.40.124/3098/1' processes=1 threads=4, memory=16.48 GB>",21896,2802688,56,56,1,128,128,0.05,36.900468587875366,0.8579999804496765,0.4323469451904297,0.0
56,0.8661999702453613,<class 'model.Wide_ResNet'>,<class 'torch.nn.modules.loss.CrossEntropyLoss'>,<class 'torch.optim.sgd.SGD'>,,cuda:0,,128,200,0.05,128,99999999,1024,1,8,,16,4,0.3,10,0.05,0.9,True,0.0005,"<Client: 'inproc://172.31.40.124/3098/1' processes=1 threads=4, memory=16.48 GB>",22287,2852736,57,57,1,128,128,0.05,36.94006156921387,0.8661999702453613,0.4112797088623047,0.0
57,0.8647999763488771,<class 'model.Wide_ResNet'>,<class 'torch.nn.modules.loss.CrossEntropyLoss'>,<class 'torch.optim.sgd.SGD'>,,cuda:0,,128,200,0.05,128,99999999,1024,1,8,,16,4,0.3,10,0.05,0.9,True,0.0005,"<Client: 'inproc://172.31.40.124/3098/1' processes=1 threads=4, memory=16.48 GB>",22678,2902784,58,58,1,128,128,0.05,36.83461666107178,0.8647999763488771,0.4078637268066406,0.0
58,0.8667999505996704,<class 'model.Wide_ResNet'>,<class 'torch.nn.modules.loss.CrossEntropyLoss'>,<class 'torch.optim.sgd.SGD'>,,cuda:0,,128,200,0.05,128,99999999,1024,1,8,,16,4,0.3,10,0.05,0.9,True,0.0005,"<Client: 'inproc://172.31.40.124/3098/1' processes=1 threads=4, memory=16.48 GB>",23069,2952832,59,59,1,128,128,0.05,37.04868721961975,0.8667999505996704,0.40093860473632814,0.0
59,0.8585999608039856,<class 'model.Wide_ResNet'>,<class 'torch.nn.modules.loss.CrossEntropyLoss'>,<class 'torch.optim.sgd.SGD'>,,cuda:0,,128,200,0.05,128,99999999,1024,1,8,,16,4,0.3,10,0.05,0.9,True,0.0005,"<Client: 'inproc://172.31.40.124/3098/1' processes=1 threads=4, memory=16.48 GB>",23460,3002880,60,60,1,128,128,0.05,36.6865439414978,0.8585999608039856,0.42717005615234377,0.0
60,0.899399995803833,<class 'model.Wide_ResNet'>,<class 'torch.nn.modules.loss.CrossEntropyLoss'>,<class 'torch.optim.sgd.SGD'>,,cuda:0,,128,200,0.05,128,99999999,1024,1,8,,16,4,0.3,10,0.05,0.9,True,0.0005,"<Client: 'inproc://172.31.40.124/3098/1' processes=1 threads=4, memory=16.48 GB>",23539,3053440,61,61,5,640,640,0.05,15.907597064971924,0.899399995803833,0.30052722930908204,0.0
61,0.9059999585151672,<class 'model.Wide_ResNet'>,<class 'torch.nn.modules.loss.CrossEntropyLoss'>,<class 'torch.optim.sgd.SGD'>,,cuda:0,,128,200,0.05,128,99999999,1024,1,8,,16,4,0.3,10,0.05,0.9,True,0.0005,"<Client: 'inproc://172.31.40.124/3098/1' processes=1 threads=4, memory=16.48 GB>",23618,3104000,62,62,5,640,640,0.05,15.884748935699463,0.9059999585151672,0.28805911560058595,0.0
62,0.9023999571800232,<class 'model.Wide_ResNet'>,<class 'torch.nn.modules.loss.CrossEntropyLoss'>,<class 'torch.optim.sgd.SGD'>,,cuda:0,,128,200,0.05,128,99999999,1024,1,8,,16,4,0.3,10,0.05,0.9,True,0.0005,"<Client: 'inproc://172.31.40.124/3098/1' processes=1 threads=4, memory=16.48 GB>",23697,3154560,63,63,5,640,640,0.05,16.24437928199768,0.9023999571800232,0.2959256805419922,0.0
63,0.9053999781608582,<class 'model.Wide_ResNet'>,<class 'torch.nn.modules.loss.CrossEntropyLoss'>,<class 'torch.optim.sgd.SGD'>,,cuda:0,,128,200,0.05,128,99999999,1024,1,8,,16,4,0.3,10,0.05,0.9,True,0.0005,"<Client: 'inproc://172.31.40.124/3098/1' processes=1 threads=4, memory=16.48 GB>",23776,3205120,64,64,5,640,640,0.05,15.691719055175781,0.9053999781608582,0.2941205780029297,0.0
64,0.9077999591827391,<class 'model.Wide_ResNet'>,<class 'torch.nn.modules.loss.CrossEntropyLoss'>,<class 'torch.optim.sgd.SGD'>,,cuda:0,,128,200,0.05,128,99999999,1024,1,8,,16,4,0.3,10,0.05,0.9,True,0.0005,"<Client: 'inproc://172.31.40.124/3098/1' processes=1 threads=4, memory=16.48 GB>",23855,3255680,65,65,5,640,640,0.05,15.698795795440674,0.9077999591827391,0.28161979217529304,0.0
65,0.9030999541282654,<class 'model.Wide_ResNet'>,<class 'torch.nn.modules.loss.CrossEntropyLoss'>,<class 'torch.optim.sgd.SGD'>,,cuda:0,,128,200,0.05,128,99999999,1024,1,8,,16,4,0.3,10,0.05,0.9,True,0.0005,"<Client: 'inproc://172.31.40.124/3098/1' processes=1 threads=4, memory=16.48 GB>",23934,3306240,66,66,5,640,640,0.05,15.684727430343628,0.9030999541282654,0.3027394287109375,0.0
66,0.910099983215332,<class 'model.Wide_ResNet'>,<class 'torch.nn.modules.loss.CrossEntropyLoss'>,<class 'torch.optim.sgd.SGD'>,,cuda:0,,128,200,0.05,128,99999999,1024,1,8,,16,4,0.3,10,0.05,0.9,True,0.0005,"<Client: 'inproc://172.31.40.124/3098/1' processes=1 threads=4, memory=16.48 GB>",24013,3356800,67,67,5,640,640,0.05,15.755311250686646,0.910099983215332,0.28158504943847656,0.0
67,0.9121999740600586,<class 'model.Wide_ResNet'>,<class 'torch.nn.modules.loss.CrossEntropyLoss'>,<class 'torch.optim.sgd.SGD'>,,cuda:0,,128,200,0.05,128,99999999,1024,1,8,,16,4,0.3,10,0.05,0.9,True,0.0005,"<Client: 'inproc://172.31.40.124/3098/1' processes=1 threads=4, memory=16.48 GB>",24092,3407360,68,68,5,640,640,0.05,15.755903244018555,0.9121999740600586,0.272406689453125,0.0
68,0.9052000045776368,<class 'model.Wide_ResNet'>,<class 'torch.nn.modules.loss.CrossEntropyLoss'>,<class 'torch.optim.sgd.SGD'>,,cuda:0,,128,200,0.05,128,99999999,1024,1,8,,16,4,0.3,10,0.05,0.9,True,0.0005,"<Client: 'inproc://172.31.40.124/3098/1' processes=1 threads=4, memory=16.48 GB>",24171,3457920,69,69,5,640,640,0.05,15.715284585952759,0.9052000045776368,0.30751904296875,0.0
69,0.9070999622344972,<class 'model.Wide_ResNet'>,<class 'torch.nn.modules.loss.CrossEntropyLoss'>,<class 'torch.optim.sgd.SGD'>,,cuda:0,,128,200,0.05,128,99999999,1024,1,8,,16,4,0.3,10,0.05,0.9,True,0.0005,"<Client: 'inproc://172.31.40.124/3098/1' processes=1 threads=4, memory=16.48 GB>",24250,3508480,70,70,5,640,640,0.05,15.727823972702026,0.9070999622344972,0.2986133026123047,0.0
70,0.9060999751091005,<class 'model.Wide_ResNet'>,<class 'torch.nn.modules.loss.CrossEntropyLoss'>,<class 'torch.optim.sgd.SGD'>,,cuda:0,,128,200,0.05,128,99999999,1024,1,8,,16,4,0.3,10,0.05,0.9,True,0.0005,"<Client: 'inproc://172.31.40.124/3098/1' processes=1 threads=4, memory=16.48 GB>",24329,3559040,71,71,5,640,640,0.05,15.76607370376587,0.9060999751091005,0.3000646499633789,0.0
71,0.9045999646186828,<class 'model.Wide_ResNet'>,<class 'torch.nn.modules.loss.CrossEntropyLoss'>,<class 'torch.optim.sgd.SGD'>,,cuda:0,,128,200,0.05,128,99999999,1024,1,8,,16,4,0.3,10,0.05,0.9,True,0.0005,"<Client: 'inproc://172.31.40.124/3098/1' processes=1 threads=4, memory=16.48 GB>",24408,3609600,72,72,5,640,640,0.05,15.95531940460205,0.9045999646186828,0.29912264404296873,0.0
72,0.9013999700546264,<class 'model.Wide_ResNet'>,<class 'torch.nn.modules.loss.CrossEntropyLoss'>,<class 'torch.optim.sgd.SGD'>,,cuda:0,,128,200,0.05,128,99999999,1024,1,8,,16,4,0.3,10,0.05,0.9,True,0.0005,"<Client: 'inproc://172.31.40.124/3098/1' processes=1 threads=4, memory=16.48 GB>",24487,3660160,73,73,5,640,640,0.05,15.918196201324463,0.9013999700546264,0.3164897216796875,0.0
73,0.9044999480247498,<class 'model.Wide_ResNet'>,<class 'torch.nn.modules.loss.CrossEntropyLoss'>,<class 'torch.optim.sgd.SGD'>,,cuda:0,,128,200,0.05,128,99999999,1024,1,8,,16,4,0.3,10,0.05,0.9,True,0.0005,"<Client: 'inproc://172.31.40.124/3098/1' processes=1 threads=4, memory=16.48 GB>",24566,3710720,74,74,5,640,640,0.05,15.88257360458374,0.9044999480247498,0.3022381637573242,0.0
74,0.9016000032424928,<class 'model.Wide_ResNet'>,<class 'torch.nn.modules.loss.CrossEntropyLoss'>,<class 'torch.optim.sgd.SGD'>,,cuda:0,,128,200,0.05,128,99999999,1024,1,8,,16,4,0.3,10,0.05,0.9,True,0.0005,"<Client: 'inproc://172.31.40.124/3098/1' processes=1 threads=4, memory=16.48 GB>",24645,3761280,75,75,5,640,640,0.05,16.081061840057373,0.9016000032424928,0.31024364929199216,0.0
75,0.9097999930381776,<class 'model.Wide_ResNet'>,<class 'torch.nn.modules.loss.CrossEntropyLoss'>,<class 'torch.optim.sgd.SGD'>,,cuda:0,,128,200,0.05,128,99999999,1024,1,8,,16,4,0.3,10,0.05,0.9,True,0.0005,"<Client: 'inproc://172.31.40.124/3098/1' processes=1 threads=4, memory=16.48 GB>",24724,3811840,76,76,5,640,640,0.05,15.774524927139282,0.9097999930381776,0.29279329528808595,0.0
76,0.901799976825714,<class 'model.Wide_ResNet'>,<class 'torch.nn.modules.loss.CrossEntropyLoss'>,<class 'torch.optim.sgd.SGD'>,,cuda:0,,128,200,0.05,128,99999999,1024,1,8,,16,4,0.3,10,0.05,0.9,True,0.0005,"<Client: 'inproc://172.31.40.124/3098/1' processes=1 threads=4, memory=16.48 GB>",24803,3862400,77,77,5,640,640,0.05,15.955955505371094,0.901799976825714,0.3162727478027344,0.0
77,0.8985999822616577,<class 'model.Wide_ResNet'>,<class 'torch.nn.modules.loss.CrossEntropyLoss'>,<class 'torch.optim.sgd.SGD'>,,cuda:0,,128,200,0.05,128,99999999,1024,1,8,,16,4,0.3,10,0.05,0.9,True,0.0005,"<Client: 'inproc://172.31.40.124/3098/1' processes=1 threads=4, memory=16.48 GB>",24882,3912960,78,78,5,640,640,0.05,15.906129121780396,0.8985999822616577,0.3183682037353516,0.0
78,0.8991000056266785,<class 'model.Wide_ResNet'>,<class 'torch.nn.modules.loss.CrossEntropyLoss'>,<class 'torch.optim.sgd.SGD'>,,cuda:0,,128,200,0.05,128,99999999,1024,1,8,,16,4,0.3,10,0.05,0.9,True,0.0005,"<Client: 'inproc://172.31.40.124/3098/1' processes=1 threads=4, memory=16.48 GB>",24961,3963520,79,79,5,640,640,0.05,15.877424001693726,0.8991000056266785,0.3172820098876953,0.0
79,0.9020999670028688,<class 'model.Wide_ResNet'>,<class 'torch.nn.modules.loss.CrossEntropyLoss'>,<class 'torch.optim.sgd.SGD'>,,cuda:0,,128,200,0.05,128,99999999,1024,1,8,,16,4,0.3,10,0.05,0.9,True,0.0005,"<Client: 'inproc://172.31.40.124/3098/1' processes=1 threads=4, memory=16.48 GB>",25040,4014080,80,80,5,640,640,0.05,15.717208862304688,0.9020999670028688,0.30429117126464844,0.0
80,0.8945999741554259,<class 'model.Wide_ResNet'>,<class 'torch.nn.modules.loss.CrossEntropyLoss'>,<class 'torch.optim.sgd.SGD'>,,cuda:0,,128,200,0.05,128,99999999,1024,1,8,,16,4,0.3,10,0.05,0.9,True,0.0005,"<Client: 'inproc://172.31.40.124/3098/1' processes=1 threads=4, memory=16.48 GB>",25119,4064640,81,81,5,640,640,0.05,15.771180629730225,0.8945999741554259,0.3395062194824219,0.0
81,0.9018999934196472,<class 'model.Wide_ResNet'>,<class 'torch.nn.modules.loss.CrossEntropyLoss'>,<class 'torch.optim.sgd.SGD'>,,cuda:0,,128,200,0.05,128,99999999,1024,1,8,,16,4,0.3,10,0.05,0.9,True,0.0005,"<Client: 'inproc://172.31.40.124/3098/1' processes=1 threads=4, memory=16.48 GB>",25198,4115200,82,82,5,640,640,0.05,15.83851671218872,0.9018999934196472,0.3214668670654297,0.0
82,0.8995999693870544,<class 'model.Wide_ResNet'>,<class 'torch.nn.modules.loss.CrossEntropyLoss'>,<class 'torch.optim.sgd.SGD'>,,cuda:0,,128,200,0.05,128,99999999,1024,1,8,,16,4,0.3,10,0.05,0.9,True,0.0005,"<Client: 'inproc://172.31.40.124/3098/1' processes=1 threads=4, memory=16.48 GB>",25277,4165760,83,83,5,640,640,0.05,15.889073848724365,0.8995999693870544,0.32295708618164065,0.0
83,0.8907999992370605,<class 'model.Wide_ResNet'>,<class 'torch.nn.modules.loss.CrossEntropyLoss'>,<class 'torch.optim.sgd.SGD'>,,cuda:0,,128,200,0.05,128,99999999,1024,1,8,,16,4,0.3,10,0.05,0.9,True,0.0005,"<Client: 'inproc://172.31.40.124/3098/1' processes=1 threads=4, memory=16.48 GB>",25356,4216320,84,84,5,640,640,0.05,15.869814157485962,0.8907999992370605,0.34461825561523435,0.0
84,0.9053999781608582,<class 'model.Wide_ResNet'>,<class 'torch.nn.modules.loss.CrossEntropyLoss'>,<class 'torch.optim.sgd.SGD'>,,cuda:0,,128,200,0.05,128,99999999,1024,1,8,,16,4,0.3,10,0.05,0.9,True,0.0005,"<Client: 'inproc://172.31.40.124/3098/1' processes=1 threads=4, memory=16.48 GB>",25435,4266880,85,85,5,640,640,0.05,15.911109924316406,0.9053999781608582,0.30330264892578124,0.0
85,0.9016000032424928,<class 'model.Wide_ResNet'>,<class 'torch.nn.modules.loss.CrossEntropyLoss'>,<class 'torch.optim.sgd.SGD'>,,cuda:0,,128,200,0.05,128,99999999,1024,1,8,,16,4,0.3,10,0.05,0.9,True,0.0005,"<Client: 'inproc://172.31.40.124/3098/1' processes=1 threads=4, memory=16.48 GB>",25514,4317440,86,86,5,640,640,0.05,16.11176347732544,0.9016000032424928,0.30591372985839843,0.0
86,0.9024999737739564,<class 'model.Wide_ResNet'>,<class 'torch.nn.modules.loss.CrossEntropyLoss'>,<class 'torch.optim.sgd.SGD'>,,cuda:0,,128,200,0.05,128,99999999,1024,1,8,,16,4,0.3,10,0.05,0.9,True,0.0005,"<Client: 'inproc://172.31.40.124/3098/1' processes=1 threads=4, memory=16.48 GB>",25593,4368000,87,87,5,640,640,0.05,15.773207902908325,0.9024999737739564,0.328173583984375,0.0
87,0.9102999567985536,<class 'model.Wide_ResNet'>,<class 'torch.nn.modules.loss.CrossEntropyLoss'>,<class 'torch.optim.sgd.SGD'>,,cuda:0,,128,200,0.05,128,99999999,1024,1,8,,16,4,0.3,10,0.05,0.9,True,0.0005,"<Client: 'inproc://172.31.40.124/3098/1' processes=1 threads=4, memory=16.48 GB>",25672,4418560,88,88,5,640,640,0.05,15.692456007003784,0.9102999567985536,0.29908030090332033,0.0
88,0.9042999744415284,<class 'model.Wide_ResNet'>,<class 'torch.nn.modules.loss.CrossEntropyLoss'>,<class 'torch.optim.sgd.SGD'>,,cuda:0,,128,200,0.05,128,99999999,1024,1,8,,16,4,0.3,10,0.05,0.9,True,0.0005,"<Client: 'inproc://172.31.40.124/3098/1' processes=1 threads=4, memory=16.48 GB>",25751,4469120,89,89,5,640,640,0.05,15.904120206832886,0.9042999744415284,0.30416344604492185,0.0
89,0.9021999835968018,<class 'model.Wide_ResNet'>,<class 'torch.nn.modules.loss.CrossEntropyLoss'>,<class 'torch.optim.sgd.SGD'>,,cuda:0,,128,200,0.05,128,99999999,1024,1,8,,16,4,0.3,10,0.05,0.9,True,0.0005,"<Client: 'inproc://172.31.40.124/3098/1' processes=1 threads=4, memory=16.48 GB>",25830,4519680,90,90,5,640,640,0.05,15.91778016090393,0.9021999835968018,0.3100926483154297,0.0
90,0.8976999521255493,<class 'model.Wide_ResNet'>,<class 'torch.nn.modules.loss.CrossEntropyLoss'>,<class 'torch.optim.sgd.SGD'>,,cuda:0,,128,200,0.05,128,99999999,1024,1,8,,16,4,0.3,10,0.05,0.9,True,0.0005,"<Client: 'inproc://172.31.40.124/3098/1' processes=1 threads=4, memory=16.48 GB>",25909,4570240,91,91,5,640,640,0.05,15.951490879058838,0.8976999521255493,0.32320762939453124,0.0
91,0.9054999947547911,<class 'model.Wide_ResNet'>,<class 'torch.nn.modules.loss.CrossEntropyLoss'>,<class 'torch.optim.sgd.SGD'>,,cuda:0,,128,200,0.05,128,99999999,1024,1,8,,16,4,0.3,10,0.05,0.9,True,0.0005,"<Client: 'inproc://172.31.40.124/3098/1' processes=1 threads=4, memory=16.48 GB>",25988,4620800,92,92,5,640,640,0.05,15.841354608535767,0.9054999947547911,0.3103569641113281,0.0
92,0.8964999914169312,<class 'model.Wide_ResNet'>,<class 'torch.nn.modules.loss.CrossEntropyLoss'>,<class 'torch.optim.sgd.SGD'>,,cuda:0,,128,200,0.05,128,99999999,1024,1,8,,16,4,0.3,10,0.05,0.9,True,0.0005,"<Client: 'inproc://172.31.40.124/3098/1' processes=1 threads=4, memory=16.48 GB>",26067,4671360,93,93,5,640,640,0.05,15.767672300338745,0.8964999914169312,0.3167477783203125,0.0
93,0.8994999527931213,<class 'model.Wide_ResNet'>,<class 'torch.nn.modules.loss.CrossEntropyLoss'>,<class 'torch.optim.sgd.SGD'>,,cuda:0,,128,200,0.05,128,99999999,1024,1,8,,16,4,0.3,10,0.05,0.9,True,0.0005,"<Client: 'inproc://172.31.40.124/3098/1' processes=1 threads=4, memory=16.48 GB>",26146,4721920,94,94,5,640,640,0.05,15.730351448059082,0.8994999527931213,0.3189703857421875,0.0
94,0.8988999724388123,<class 'model.Wide_ResNet'>,<class 'torch.nn.modules.loss.CrossEntropyLoss'>,<class 'torch.optim.sgd.SGD'>,,cuda:0,,128,200,0.05,128,99999999,1024,1,8,,16,4,0.3,10,0.05,0.9,True,0.0005,"<Client: 'inproc://172.31.40.124/3098/1' processes=1 threads=4, memory=16.48 GB>",26225,4772480,95,95,5,640,640,0.05,15.692233324050903,0.8988999724388123,0.3269507232666016,0.0
95,0.9048999547958374,<class 'model.Wide_ResNet'>,<class 'torch.nn.modules.loss.CrossEntropyLoss'>,<class 'torch.optim.sgd.SGD'>,,cuda:0,,128,200,0.05,128,99999999,1024,1,8,,16,4,0.3,10,0.05,0.9,True,0.0005,"<Client: 'inproc://172.31.40.124/3098/1' processes=1 threads=4, memory=16.48 GB>",26304,4823040,96,96,5,640,640,0.05,15.779561519622803,0.9048999547958374,0.3193675903320313,0.0
96,0.8995999693870544,<class 'model.Wide_ResNet'>,<class 'torch.nn.modules.loss.CrossEntropyLoss'>,<class 'torch.optim.sgd.SGD'>,,cuda:0,,128,200,0.05,128,99999999,1024,1,8,,16,4,0.3,10,0.05,0.9,True,0.0005,"<Client: 'inproc://172.31.40.124/3098/1' processes=1 threads=4, memory=16.48 GB>",26383,4873600,97,97,5,640,640,0.05,15.761475563049316,0.8995999693870544,0.3172618194580078,0.0
97,0.8962999582290649,<class 'model.Wide_ResNet'>,<class 'torch.nn.modules.loss.CrossEntropyLoss'>,<class 'torch.optim.sgd.SGD'>,,cuda:0,,128,200,0.05,128,99999999,1024,1,8,,16,4,0.3,10,0.05,0.9,True,0.0005,"<Client: 'inproc://172.31.40.124/3098/1' processes=1 threads=4, memory=16.48 GB>",26462,4924160,98,98,5,640,640,0.05,16.289934158325195,0.8962999582290649,0.33624757690429685,0.0
98,0.9041000008583068,<class 'model.Wide_ResNet'>,<class 'torch.nn.modules.loss.CrossEntropyLoss'>,<class 'torch.optim.sgd.SGD'>,,cuda:0,,128,200,0.05,128,99999999,1024,1,8,,16,4,0.3,10,0.05,0.9,True,0.0005,"<Client: 'inproc://172.31.40.124/3098/1' processes=1 threads=4, memory=16.48 GB>",26541,4974720,99,99,5,640,640,0.05,15.907102108001709,0.9041000008583068,0.3149538330078125,0.0
99,0.8957999944686891,<class 'model.Wide_ResNet'>,<class 'torch.nn.modules.loss.CrossEntropyLoss'>,<class 'torch.optim.sgd.SGD'>,,cuda:0,,128,200,0.05,128,99999999,1024,1,8,,16,4,0.3,10,0.05,0.9,True,0.0005,"<Client: 'inproc://172.31.40.124/3098/1' processes=1 threads=4, memory=16.48 GB>",26620,5025280,100,100,5,640,640,0.05,15.910516262054443,0.8957999944686891,0.332174560546875,0.0
100,0.899399995803833,<class 'model.Wide_ResNet'>,<class 'torch.nn.modules.loss.CrossEntropyLoss'>,<class 'torch.optim.sgd.SGD'>,,cuda:0,,128,200,0.05,128,99999999,1024,1,8,,16,4,0.3,10,0.05,0.9,True,0.0005,"<Client: 'inproc://172.31.40.124/3098/1' processes=1 threads=4, memory=16.48 GB>",26699,5075840,101,101,5,640,640,0.05,15.785219430923462,0.899399995803833,0.319301986694336,0.0
101,0.902999997138977,<class 'model.Wide_ResNet'>,<class 'torch.nn.modules.loss.CrossEntropyLoss'>,<class 'torch.optim.sgd.SGD'>,,cuda:0,,128,200,0.05,128,99999999,1024,1,8,,16,4,0.3,10,0.05,0.9,True,0.0005,"<Client: 'inproc://172.31.40.124/3098/1' processes=1 threads=4, memory=16.48 GB>",26778,5126400,102,102,5,640,640,0.05,15.736534357070923,0.902999997138977,0.31743991088867185,0.0
102,0.8998000025749207,<class 'model.Wide_ResNet'>,<class 'torch.nn.modules.loss.CrossEntropyLoss'>,<class 'torch.optim.sgd.SGD'>,,cuda:0,,128,200,0.05,128,99999999,1024,1,8,,16,4,0.3,10,0.05,0.9,True,0.0005,"<Client: 'inproc://172.31.40.124/3098/1' processes=1 threads=4, memory=16.48 GB>",26857,5176960,103,103,5,640,640,0.05,15.699726581573486,0.8998000025749207,0.3278681365966797,0.0
103,0.9004999995231628,<class 'model.Wide_ResNet'>,<class 'torch.nn.modules.loss.CrossEntropyLoss'>,<class 'torch.optim.sgd.SGD'>,,cuda:0,,128,200,0.05,128,99999999,1024,1,8,,16,4,0.3,10,0.05,0.9,True,0.0005,"<Client: 'inproc://172.31.40.124/3098/1' processes=1 threads=4, memory=16.48 GB>",26936,5227520,104,104,5,640,640,0.05,15.732240200042725,0.9004999995231628,0.3175202911376953,0.0
104,0.9070000052452089,<class 'model.Wide_ResNet'>,<class 'torch.nn.modules.loss.CrossEntropyLoss'>,<class 'torch.optim.sgd.SGD'>,,cuda:0,,128,200,0.05,128,99999999,1024,1,8,,16,4,0.3,10,0.05,0.9,True,0.0005,"<Client: 'inproc://172.31.40.124/3098/1' processes=1 threads=4, memory=16.48 GB>",27015,5278080,105,105,5,640,640,0.05,15.734039545059204,0.9070000052452089,0.29912896728515626,0.0
105,0.8924999833106995,<class 'model.Wide_ResNet'>,<class 'torch.nn.modules.loss.CrossEntropyLoss'>,<class 'torch.optim.sgd.SGD'>,,cuda:0,,128,200,0.05,128,99999999,1024,1,8,,16,4,0.3,10,0.05,0.9,True,0.0005,"<Client: 'inproc://172.31.40.124/3098/1' processes=1 threads=4, memory=16.48 GB>",27094,5328640,106,106,5,640,640,0.05,15.758852243423462,0.8924999833106995,0.353769873046875,0.0
106,0.8980999588966371,<class 'model.Wide_ResNet'>,<class 'torch.nn.modules.loss.CrossEntropyLoss'>,<class 'torch.optim.sgd.SGD'>,,cuda:0,,128,200,0.05,128,99999999,1024,1,8,,16,4,0.3,10,0.05,0.9,True,0.0005,"<Client: 'inproc://172.31.40.124/3098/1' processes=1 threads=4, memory=16.48 GB>",27173,5379200,107,107,5,640,640,0.05,15.714408874511719,0.8980999588966371,0.3379644683837891,0.0
107,0.8995999693870544,<class 'model.Wide_ResNet'>,<class 'torch.nn.modules.loss.CrossEntropyLoss'>,<class 'torch.optim.sgd.SGD'>,,cuda:0,,128,200,0.05,128,99999999,1024,1,8,,16,4,0.3,10,0.05,0.9,True,0.0005,"<Client: 'inproc://172.31.40.124/3098/1' processes=1 threads=4, memory=16.48 GB>",27252,5429760,108,108,5,640,640,0.05,15.71113133430481,0.8995999693870544,0.3239324462890625,0.0
108,0.8991999626159668,<class 'model.Wide_ResNet'>,<class 'torch.nn.modules.loss.CrossEntropyLoss'>,<class 'torch.optim.sgd.SGD'>,,cuda:0,,128,200,0.05,128,99999999,1024,1,8,,16,4,0.3,10,0.05,0.9,True,0.0005,"<Client: 'inproc://172.31.40.124/3098/1' processes=1 threads=4, memory=16.48 GB>",27331,5480320,109,109,5,640,640,0.05,15.807464838027954,0.8991999626159668,0.3190952545166016,0.0
109,0.9049999713897704,<class 'model.Wide_ResNet'>,<class 'torch.nn.modules.loss.CrossEntropyLoss'>,<class 'torch.optim.sgd.SGD'>,,cuda:0,,128,200,0.05,128,99999999,1024,1,8,,16,4,0.3,10,0.05,0.9,True,0.0005,"<Client: 'inproc://172.31.40.124/3098/1' processes=1 threads=4, memory=16.48 GB>",27410,5530880,110,110,5,640,640,0.05,16.308720111846924,0.9049999713897704,0.30748423461914065,0.0
110,0.9047999978065492,<class 'model.Wide_ResNet'>,<class 'torch.nn.modules.loss.CrossEntropyLoss'>,<class 'torch.optim.sgd.SGD'>,,cuda:0,,128,200,0.05,128,99999999,1024,1,8,,16,4,0.3,10,0.05,0.9,True,0.0005,"<Client: 'inproc://172.31.40.124/3098/1' processes=1 threads=4, memory=16.48 GB>",27489,5581440,111,111,5,640,640,0.05,15.912710666656494,0.9047999978065492,0.3027319061279297,0.0
111,0.901199996471405,<class 'model.Wide_ResNet'>,<class 'torch.nn.modules.loss.CrossEntropyLoss'>,<class 'torch.optim.sgd.SGD'>,,cuda:0,,128,200,0.05,128,99999999,1024,1,8,,16,4,0.3,10,0.05,0.9,True,0.0005,"<Client: 'inproc://172.31.40.124/3098/1' processes=1 threads=4, memory=16.48 GB>",27568,5632000,112,112,5,640,640,0.05,15.888596057891846,0.901199996471405,0.3137348175048828,0.0
112,0.8998999595642091,<class 'model.Wide_ResNet'>,<class 'torch.nn.modules.loss.CrossEntropyLoss'>,<class 'torch.optim.sgd.SGD'>,,cuda:0,,128,200,0.05,128,99999999,1024,1,8,,16,4,0.3,10,0.05,0.9,True,0.0005,"<Client: 'inproc://172.31.40.124/3098/1' processes=1 threads=4, memory=16.48 GB>",27647,5682560,113,113,5,640,640,0.05,15.77090859413147,0.8998999595642091,0.3202777374267578,0.0
113,0.8974999785423279,<class 'model.Wide_ResNet'>,<class 'torch.nn.modules.loss.CrossEntropyLoss'>,<class 'torch.optim.sgd.SGD'>,,cuda:0,,128,200,0.05,128,99999999,1024,1,8,,16,4,0.3,10,0.05,0.9,True,0.0005,"<Client: 'inproc://172.31.40.124/3098/1' processes=1 threads=4, memory=16.48 GB>",27726,5733120,114,114,5,640,640,0.05,15.734374523162842,0.8974999785423279,0.33084966735839844,0.0
114,0.9063999652862548,<class 'model.Wide_ResNet'>,<class 'torch.nn.modules.loss.CrossEntropyLoss'>,<class 'torch.optim.sgd.SGD'>,,cuda:0,,128,200,0.05,128,99999999,1024,1,8,,16,4,0.3,10,0.05,0.9,True,0.0005,"<Client: 'inproc://172.31.40.124/3098/1' processes=1 threads=4, memory=16.48 GB>",27805,5783680,115,115,5,640,640,0.05,15.719423294067383,0.9063999652862548,0.2983105972290039,0.0
115,0.8823999762535095,<class 'model.Wide_ResNet'>,<class 'torch.nn.modules.loss.CrossEntropyLoss'>,<class 'torch.optim.sgd.SGD'>,,cuda:0,,128,200,0.05,128,99999999,1024,1,8,,16,4,0.3,10,0.05,0.9,True,0.0005,"<Client: 'inproc://172.31.40.124/3098/1' processes=1 threads=4, memory=16.48 GB>",27884,5834240,116,116,5,640,640,0.05,15.730004072189331,0.8823999762535095,0.3803512573242188,0.0
116,0.8974999785423279,<class 'model.Wide_ResNet'>,<class 'torch.nn.modules.loss.CrossEntropyLoss'>,<class 'torch.optim.sgd.SGD'>,,cuda:0,,128,200,0.05,128,99999999,1024,1,8,,16,4,0.3,10,0.05,0.9,True,0.0005,"<Client: 'inproc://172.31.40.124/3098/1' processes=1 threads=4, memory=16.48 GB>",27963,5884800,117,117,5,640,640,0.05,15.64526629447937,0.8974999785423279,0.336738720703125,0.0
117,0.8946999907493591,<class 'model.Wide_ResNet'>,<class 'torch.nn.modules.loss.CrossEntropyLoss'>,<class 'torch.optim.sgd.SGD'>,,cuda:0,,128,200,0.05,128,99999999,1024,1,8,,16,4,0.3,10,0.05,0.9,True,0.0005,"<Client: 'inproc://172.31.40.124/3098/1' processes=1 threads=4, memory=16.48 GB>",28042,5935360,118,118,5,640,640,0.05,15.760607242584229,0.8946999907493591,0.32427291870117186,0.0
118,0.9063999652862548,<class 'model.Wide_ResNet'>,<class 'torch.nn.modules.loss.CrossEntropyLoss'>,<class 'torch.optim.sgd.SGD'>,,cuda:0,,128,200,0.05,128,99999999,1024,1,8,,16,4,0.3,10,0.05,0.9,True,0.0005,"<Client: 'inproc://172.31.40.124/3098/1' processes=1 threads=4, memory=16.48 GB>",28121,5985920,119,119,5,640,640,0.05,15.800102710723877,0.9063999652862548,0.30571423950195314,0.0
119,0.8980000019073486,<class 'model.Wide_ResNet'>,<class 'torch.nn.modules.loss.CrossEntropyLoss'>,<class 'torch.optim.sgd.SGD'>,,cuda:0,,128,200,0.05,128,99999999,1024,1,8,,16,4,0.3,10,0.05,0.9,True,0.0005,"<Client: 'inproc://172.31.40.124/3098/1' processes=1 threads=4, memory=16.48 GB>",28200,6036480,120,120,5,640,640,0.05,15.78194546699524,0.8980000019073486,0.3310660583496094,0.0
120,0.9140999913215636,<class 'model.Wide_ResNet'>,<class 'torch.nn.modules.loss.CrossEntropyLoss'>,<class 'torch.optim.sgd.SGD'>,,cuda:0,,128,200,0.05,128,99999999,1024,1,8,,16,4,0.3,10,0.05,0.9,True,0.0005,"<Client: 'inproc://172.31.40.124/3098/1' processes=1 threads=4, memory=16.48 GB>",28216,6087680,121,121,25,3200,3200,0.05,11.092995166778564,0.9140999913215636,0.28007086334228515,0.0
121,0.9178999662399292,<class 'model.Wide_ResNet'>,<class 'torch.nn.modules.loss.CrossEntropyLoss'>,<class 'torch.optim.sgd.SGD'>,,cuda:0,,128,200,0.05,128,99999999,1024,1,8,,16,4,0.3,10,0.05,0.9,True,0.0005,"<Client: 'inproc://172.31.40.124/3098/1' processes=1 threads=4, memory=16.48 GB>",28232,6138880,122,122,25,3200,3200,0.05,11.497725248336792,0.9178999662399292,0.2699010223388672,0.0
122,0.9192000031471252,<class 'model.Wide_ResNet'>,<class 'torch.nn.modules.loss.CrossEntropyLoss'>,<class 'torch.optim.sgd.SGD'>,,cuda:0,,128,200,0.05,128,99999999,1024,1,8,,16,4,0.3,10,0.05,0.9,True,0.0005,"<Client: 'inproc://172.31.40.124/3098/1' processes=1 threads=4, memory=16.48 GB>",28248,6190080,123,123,25,3200,3200,0.05,11.313517570495605,0.9192000031471252,0.27374586639404297,0.0
123,0.920199990272522,<class 'model.Wide_ResNet'>,<class 'torch.nn.modules.loss.CrossEntropyLoss'>,<class 'torch.optim.sgd.SGD'>,,cuda:0,,128,200,0.05,128,99999999,1024,1,8,,16,4,0.3,10,0.05,0.9,True,0.0005,"<Client: 'inproc://172.31.40.124/3098/1' processes=1 threads=4, memory=16.48 GB>",28264,6241280,124,124,25,3200,3200,0.05,11.270943641662598,0.920199990272522,0.2640073959350586,0.0
124,0.9193999767303468,<class 'model.Wide_ResNet'>,<class 'torch.nn.modules.loss.CrossEntropyLoss'>,<class 'torch.optim.sgd.SGD'>,,cuda:0,,128,200,0.05,128,99999999,1024,1,8,,16,4,0.3,10,0.05,0.9,True,0.0005,"<Client: 'inproc://172.31.40.124/3098/1' processes=1 threads=4, memory=16.48 GB>",28280,6292480,125,125,25,3200,3200,0.05,11.125959396362305,0.9193999767303468,0.26066642608642576,0.0
125,0.9228999614715576,<class 'model.Wide_ResNet'>,<class 'torch.nn.modules.loss.CrossEntropyLoss'>,<class 'torch.optim.sgd.SGD'>,,cuda:0,,128,200,0.05,128,99999999,1024,1,8,,16,4,0.3,10,0.05,0.9,True,0.0005,"<Client: 'inproc://172.31.40.124/3098/1' processes=1 threads=4, memory=16.48 GB>",28296,6343680,126,126,25,3200,3200,0.05,11.335468053817749,0.9228999614715576,0.2542824966430664,0.0
126,0.9204999804496764,<class 'model.Wide_ResNet'>,<class 'torch.nn.modules.loss.CrossEntropyLoss'>,<class 'torch.optim.sgd.SGD'>,,cuda:0,,128,200,0.05,128,99999999,1024,1,8,,16,4,0.3,10,0.05,0.9,True,0.0005,"<Client: 'inproc://172.31.40.124/3098/1' processes=1 threads=4, memory=16.48 GB>",28312,6394880,127,127,25,3200,3200,0.05,11.442901611328125,0.9204999804496764,0.2698981689453125,0.0
127,0.9182999730110168,<class 'model.Wide_ResNet'>,<class 'torch.nn.modules.loss.CrossEntropyLoss'>,<class 'torch.optim.sgd.SGD'>,,cuda:0,,128,200,0.05,128,99999999,1024,1,8,,16,4,0.3,10,0.05,0.9,True,0.0005,"<Client: 'inproc://172.31.40.124/3098/1' processes=1 threads=4, memory=16.48 GB>",28328,6446080,128,128,25,3200,3200,0.05,11.320452451705933,0.9182999730110168,0.2666327285766601,0.0
128,0.9232999682426452,<class 'model.Wide_ResNet'>,<class 'torch.nn.modules.loss.CrossEntropyLoss'>,<class 'torch.optim.sgd.SGD'>,,cuda:0,,128,200,0.05,128,99999999,1024,1,8,,16,4,0.3,10,0.05,0.9,True,0.0005,"<Client: 'inproc://172.31.40.124/3098/1' processes=1 threads=4, memory=16.48 GB>",28344,6497280,129,129,25,3200,3200,0.05,11.425734996795654,0.9232999682426452,0.26733268432617185,0.0
129,0.9232999682426452,<class 'model.Wide_ResNet'>,<class 'torch.nn.modules.loss.CrossEntropyLoss'>,<class 'torch.optim.sgd.SGD'>,,cuda:0,,128,200,0.05,128,99999999,1024,1,8,,16,4,0.3,10,0.05,0.9,True,0.0005,"<Client: 'inproc://172.31.40.124/3098/1' processes=1 threads=4, memory=16.48 GB>",28360,6548480,130,130,25,3200,3200,0.05,11.229941129684448,0.9232999682426452,0.2604669174194336,0.0
130,0.9253999590873718,<class 'model.Wide_ResNet'>,<class 'torch.nn.modules.loss.CrossEntropyLoss'>,<class 'torch.optim.sgd.SGD'>,,cuda:0,,128,200,0.05,128,99999999,1024,1,8,,16,4,0.3,10,0.05,0.9,True,0.0005,"<Client: 'inproc://172.31.40.124/3098/1' processes=1 threads=4, memory=16.48 GB>",28376,6599680,131,131,25,3200,3200,0.05,11.567363977432251,0.9253999590873718,0.2556411727905273,0.0
131,0.9200999736785888,<class 'model.Wide_ResNet'>,<class 'torch.nn.modules.loss.CrossEntropyLoss'>,<class 'torch.optim.sgd.SGD'>,,cuda:0,,128,200,0.05,128,99999999,1024,1,8,,16,4,0.3,10,0.05,0.9,True,0.0005,"<Client: 'inproc://172.31.40.124/3098/1' processes=1 threads=4, memory=16.48 GB>",28392,6650880,132,132,25,3200,3200,0.05,11.046838283538818,0.9200999736785888,0.2679248687744141,0.0
132,0.9228999614715576,<class 'model.Wide_ResNet'>,<class 'torch.nn.modules.loss.CrossEntropyLoss'>,<class 'torch.optim.sgd.SGD'>,,cuda:0,,128,200,0.05,128,99999999,1024,1,8,,16,4,0.3,10,0.05,0.9,True,0.0005,"<Client: 'inproc://172.31.40.124/3098/1' processes=1 threads=4, memory=16.48 GB>",28408,6702080,133,133,25,3200,3200,0.05,11.257554054260254,0.9228999614715576,0.2619914779663086,0.0
133,0.9228000044822692,<class 'model.Wide_ResNet'>,<class 'torch.nn.modules.loss.CrossEntropyLoss'>,<class 'torch.optim.sgd.SGD'>,,cuda:0,,128,200,0.05,128,99999999,1024,1,8,,16,4,0.3,10,0.05,0.9,True,0.0005,"<Client: 'inproc://172.31.40.124/3098/1' processes=1 threads=4, memory=16.48 GB>",28424,6753280,134,134,25,3200,3200,0.05,11.304414987564087,0.9228000044822692,0.2604315200805664,0.0
134,0.9218999743461608,<class 'model.Wide_ResNet'>,<class 'torch.nn.modules.loss.CrossEntropyLoss'>,<class 'torch.optim.sgd.SGD'>,,cuda:0,,128,200,0.05,128,99999999,1024,1,8,,16,4,0.3,10,0.05,0.9,True,0.0005,"<Client: 'inproc://172.31.40.124/3098/1' processes=1 threads=4, memory=16.48 GB>",28440,6804480,135,135,25,3200,3200,0.05,11.397627353668213,0.9218999743461608,0.2654478759765625,0.0
135,0.9231999516487122,<class 'model.Wide_ResNet'>,<class 'torch.nn.modules.loss.CrossEntropyLoss'>,<class 'torch.optim.sgd.SGD'>,,cuda:0,,128,200,0.05,128,99999999,1024,1,8,,16,4,0.3,10,0.05,0.9,True,0.0005,"<Client: 'inproc://172.31.40.124/3098/1' processes=1 threads=4, memory=16.48 GB>",28456,6855680,136,136,25,3200,3200,0.05,11.425889253616333,0.9231999516487122,0.2637062408447265,0.0
136,0.920199990272522,<class 'model.Wide_ResNet'>,<class 'torch.nn.modules.loss.CrossEntropyLoss'>,<class 'torch.optim.sgd.SGD'>,,cuda:0,,128,200,0.05,128,99999999,1024,1,8,,16,4,0.3,10,0.05,0.9,True,0.0005,"<Client: 'inproc://172.31.40.124/3098/1' processes=1 threads=4, memory=16.48 GB>",28472,6906880,137,137,25,3200,3200,0.05,11.334588766098022,0.920199990272522,0.2696221649169922,0.0
137,0.9221999645233154,<class 'model.Wide_ResNet'>,<class 'torch.nn.modules.loss.CrossEntropyLoss'>,<class 'torch.optim.sgd.SGD'>,,cuda:0,,128,200,0.05,128,99999999,1024,1,8,,16,4,0.3,10,0.05,0.9,True,0.0005,"<Client: 'inproc://172.31.40.124/3098/1' processes=1 threads=4, memory=16.48 GB>",28488,6958080,138,138,25,3200,3200,0.05,11.355448007583618,0.9221999645233154,0.2592257080078125,0.0
138,0.9199000000953674,<class 'model.Wide_ResNet'>,<class 'torch.nn.modules.loss.CrossEntropyLoss'>,<class 'torch.optim.sgd.SGD'>,,cuda:0,,128,200,0.05,128,99999999,1024,1,8,,16,4,0.3,10,0.05,0.9,True,0.0005,"<Client: 'inproc://172.31.40.124/3098/1' processes=1 threads=4, memory=16.48 GB>",28504,7009280,139,139,25,3200,3200,0.05,11.456228494644165,0.9199000000953674,0.2699950180053711,0.0
139,0.9181999564170836,<class 'model.Wide_ResNet'>,<class 'torch.nn.modules.loss.CrossEntropyLoss'>,<class 'torch.optim.sgd.SGD'>,,cuda:0,,128,200,0.05,128,99999999,1024,1,8,,16,4,0.3,10,0.05,0.9,True,0.0005,"<Client: 'inproc://172.31.40.124/3098/1' processes=1 threads=4, memory=16.48 GB>",28520,7060480,140,140,25,3200,3200,0.05,11.735666513442993,0.9181999564170836,0.28054501953125,0.0
140,0.9182999730110168,<class 'model.Wide_ResNet'>,<class 'torch.nn.modules.loss.CrossEntropyLoss'>,<class 'torch.optim.sgd.SGD'>,,cuda:0,,128,200,0.05,128,99999999,1024,1,8,,16,4,0.3,10,0.05,0.9,True,0.0005,"<Client: 'inproc://172.31.40.124/3098/1' processes=1 threads=4, memory=16.48 GB>",28536,7111680,141,141,25,3200,3200,0.05,11.237702369689941,0.9182999730110168,0.2773471664428711,0.0
