epoch,score,module,loss,optimizer,metrics,device,cluster,grads_per_worker,max_epochs,lr,batch_size,max_batch_size,worker_max_batch_size,min_workers,max_workers,random_state,module__depth,module__widen_factor,module__dropout_rate,module__num_classes,optimizer__lr,optimizer__momentum,optimizer__nesterov,optimizer__weight_decay,client,n_updates,n_data,score__calls,partial_fit__calls,n_workers,damping_,batch_size_,lr_,partial_fit__time,score__acc,score__loss,score__time
0,0.48979997634887695,<class 'model.Wide_ResNet'>,<class 'torch.nn.modules.loss.CrossEntropyLoss'>,<class 'torch.optim.sgd.SGD'>,,cuda:0,,128,200,0.05,512,512,1024,1,8,,16,4,0.3,10,0.05,0.9,True,0.0005,"<Client: 'inproc://172.31.40.124/27181/1' processes=1 threads=4, memory=16.48 GB>",98,50176,1,1,4,512,512,0.05,92.64917922019958,0.48979997634887695,1.4117111206054687,4.945221185684204
1,0.6232999563217163,<class 'model.Wide_ResNet'>,<class 'torch.nn.modules.loss.CrossEntropyLoss'>,<class 'torch.optim.sgd.SGD'>,,cuda:0,,128,200,0.05,512,512,1024,1,8,,16,4,0.3,10,0.05,0.9,True,0.0005,"<Client: 'inproc://172.31.40.124/27181/1' processes=1 threads=4, memory=16.48 GB>",196,100352,2,2,4,512,512,0.05,67.57347536087036,0.6232999563217163,1.0913798583984375,4.914973020553589
2,0.6603999733924866,<class 'model.Wide_ResNet'>,<class 'torch.nn.modules.loss.CrossEntropyLoss'>,<class 'torch.optim.sgd.SGD'>,,cuda:0,,128,200,0.05,512,512,1024,1,8,,16,4,0.3,10,0.05,0.9,True,0.0005,"<Client: 'inproc://172.31.40.124/27181/1' processes=1 threads=4, memory=16.48 GB>",294,150528,3,3,4,512,512,0.05,66.7312560081482,0.6603999733924866,0.9687390930175781,4.8891565799713135
3,0.7120999693870544,<class 'model.Wide_ResNet'>,<class 'torch.nn.modules.loss.CrossEntropyLoss'>,<class 'torch.optim.sgd.SGD'>,,cuda:0,,128,200,0.05,512,512,1024,1,8,,16,4,0.3,10,0.05,0.9,True,0.0005,"<Client: 'inproc://172.31.40.124/27181/1' processes=1 threads=4, memory=16.48 GB>",392,200704,4,4,4,512,512,0.05,67.8696563243866,0.7120999693870544,0.8422039855957031,4.911100387573242
4,0.7465999722480774,<class 'model.Wide_ResNet'>,<class 'torch.nn.modules.loss.CrossEntropyLoss'>,<class 'torch.optim.sgd.SGD'>,,cuda:0,,128,200,0.05,512,512,1024,1,8,,16,4,0.3,10,0.05,0.9,True,0.0005,"<Client: 'inproc://172.31.40.124/27181/1' processes=1 threads=4, memory=16.48 GB>",490,250880,5,5,4,512,512,0.05,66.90567636489868,0.7465999722480774,0.740392333984375,4.942040205001831
5,0.7512999773025513,<class 'model.Wide_ResNet'>,<class 'torch.nn.modules.loss.CrossEntropyLoss'>,<class 'torch.optim.sgd.SGD'>,,cuda:0,,128,200,0.05,512,512,1024,1,8,,16,4,0.3,10,0.05,0.9,True,0.0005,"<Client: 'inproc://172.31.40.124/27181/1' processes=1 threads=4, memory=16.48 GB>",588,301056,6,6,4,512,512,0.05,67.60369396209717,0.7512999773025513,0.7346484069824218,4.968477725982666
6,0.7569999694824219,<class 'model.Wide_ResNet'>,<class 'torch.nn.modules.loss.CrossEntropyLoss'>,<class 'torch.optim.sgd.SGD'>,,cuda:0,,128,200,0.05,512,512,1024,1,8,,16,4,0.3,10,0.05,0.9,True,0.0005,"<Client: 'inproc://172.31.40.124/27181/1' processes=1 threads=4, memory=16.48 GB>",686,351232,7,7,4,512,512,0.05,67.9813482761383,0.7569999694824219,0.7343302978515625,4.9147326946258545
7,0.7965999841690063,<class 'model.Wide_ResNet'>,<class 'torch.nn.modules.loss.CrossEntropyLoss'>,<class 'torch.optim.sgd.SGD'>,,cuda:0,,128,200,0.05,512,512,1024,1,8,,16,4,0.3,10,0.05,0.9,True,0.0005,"<Client: 'inproc://172.31.40.124/27181/1' processes=1 threads=4, memory=16.48 GB>",784,401408,8,8,4,512,512,0.05,66.60557889938354,0.7965999841690063,0.5991263366699219,4.894749402999878
8,0.7978999614715576,<class 'model.Wide_ResNet'>,<class 'torch.nn.modules.loss.CrossEntropyLoss'>,<class 'torch.optim.sgd.SGD'>,,cuda:0,,128,200,0.05,512,512,1024,1,8,,16,4,0.3,10,0.05,0.9,True,0.0005,"<Client: 'inproc://172.31.40.124/27181/1' processes=1 threads=4, memory=16.48 GB>",882,451584,9,9,4,512,512,0.05,66.78636693954468,0.7978999614715576,0.5949447387695312,4.927877902984619
9,0.8180999755859375,<class 'model.Wide_ResNet'>,<class 'torch.nn.modules.loss.CrossEntropyLoss'>,<class 'torch.optim.sgd.SGD'>,,cuda:0,,128,200,0.05,512,512,1024,1,8,,16,4,0.3,10,0.05,0.9,True,0.0005,"<Client: 'inproc://172.31.40.124/27181/1' processes=1 threads=4, memory=16.48 GB>",980,501760,10,10,4,512,512,0.05,68.88545751571655,0.8180999755859375,0.5479798950195313,5.007932186126709
10,0.8219999670982361,<class 'model.Wide_ResNet'>,<class 'torch.nn.modules.loss.CrossEntropyLoss'>,<class 'torch.optim.sgd.SGD'>,,cuda:0,,128,200,0.05,512,512,1024,1,8,,16,4,0.3,10,0.05,0.9,True,0.0005,"<Client: 'inproc://172.31.40.124/27181/1' processes=1 threads=4, memory=16.48 GB>",1078,551936,11,11,4,512,512,0.05,66.88252258300781,0.8219999670982361,0.5318622100830078,4.894244909286499
11,0.8235999941825867,<class 'model.Wide_ResNet'>,<class 'torch.nn.modules.loss.CrossEntropyLoss'>,<class 'torch.optim.sgd.SGD'>,,cuda:0,,128,200,0.05,512,512,1024,1,8,,16,4,0.3,10,0.05,0.9,True,0.0005,"<Client: 'inproc://172.31.40.124/27181/1' processes=1 threads=4, memory=16.48 GB>",1176,602112,13,12,4,512,512,0.05,68.05888175964355,0.8235999941825867,0.523426596069336,4.898741960525513
12,0.8337999582290649,<class 'model.Wide_ResNet'>,<class 'torch.nn.modules.loss.CrossEntropyLoss'>,<class 'torch.optim.sgd.SGD'>,,cuda:0,,128,200,0.05,512,512,1024,1,8,,16,4,0.3,10,0.05,0.9,True,0.0005,"<Client: 'inproc://172.31.40.124/27181/1' processes=1 threads=4, memory=16.48 GB>",1274,652288,14,13,4,512,512,0.05,67.14478087425232,0.8337999582290649,0.5044624481201172,4.920422554016113
13,0.8313999772071838,<class 'model.Wide_ResNet'>,<class 'torch.nn.modules.loss.CrossEntropyLoss'>,<class 'torch.optim.sgd.SGD'>,,cuda:0,,128,200,0.05,512,512,1024,1,8,,16,4,0.3,10,0.05,0.9,True,0.0005,"<Client: 'inproc://172.31.40.124/27181/1' processes=1 threads=4, memory=16.48 GB>",1372,702464,15,14,4,512,512,0.05,67.46542644500732,0.8313999772071838,0.5097396179199218,4.9856345653533936
14,0.8382999897003174,<class 'model.Wide_ResNet'>,<class 'torch.nn.modules.loss.CrossEntropyLoss'>,<class 'torch.optim.sgd.SGD'>,,cuda:0,,128,200,0.05,512,512,1024,1,8,,16,4,0.3,10,0.05,0.9,True,0.0005,"<Client: 'inproc://172.31.40.124/27181/1' processes=1 threads=4, memory=16.48 GB>",1470,752640,16,15,4,512,512,0.05,66.8804337978363,0.8382999897003174,0.49874329833984377,6.374301910400391
15,0.840399980545044,<class 'model.Wide_ResNet'>,<class 'torch.nn.modules.loss.CrossEntropyLoss'>,<class 'torch.optim.sgd.SGD'>,,cuda:0,,128,200,0.05,512,512,1024,1,8,,16,4,0.3,10,0.05,0.9,True,0.0005,"<Client: 'inproc://172.31.40.124/27181/1' processes=1 threads=4, memory=16.48 GB>",1568,802816,17,16,4,512,512,0.05,66.784912109375,0.840399980545044,0.48251291198730467,4.909557580947876
16,0.8459999561309814,<class 'model.Wide_ResNet'>,<class 'torch.nn.modules.loss.CrossEntropyLoss'>,<class 'torch.optim.sgd.SGD'>,,cuda:0,,128,200,0.05,512,512,1024,1,8,,16,4,0.3,10,0.05,0.9,True,0.0005,"<Client: 'inproc://172.31.40.124/27181/1' processes=1 threads=4, memory=16.48 GB>",1666,852992,18,17,4,512,512,0.05,66.77528929710388,0.8459999561309814,0.46424205932617185,4.914965629577637
17,0.8436999917030334,<class 'model.Wide_ResNet'>,<class 'torch.nn.modules.loss.CrossEntropyLoss'>,<class 'torch.optim.sgd.SGD'>,,cuda:0,,128,200,0.05,512,512,1024,1,8,,16,4,0.3,10,0.05,0.9,True,0.0005,"<Client: 'inproc://172.31.40.124/27181/1' processes=1 threads=4, memory=16.48 GB>",1764,903168,19,18,4,512,512,0.05,67.16825842857361,0.8436999917030334,0.4734495666503906,4.98289155960083
18,0.8467999696731567,<class 'model.Wide_ResNet'>,<class 'torch.nn.modules.loss.CrossEntropyLoss'>,<class 'torch.optim.sgd.SGD'>,,cuda:0,,128,200,0.05,512,512,1024,1,8,,16,4,0.3,10,0.05,0.9,True,0.0005,"<Client: 'inproc://172.31.40.124/27181/1' processes=1 threads=4, memory=16.48 GB>",1862,953344,20,19,4,512,512,0.05,68.25607323646545,0.8467999696731567,0.46306029357910156,4.911366939544678
19,0.8513999581336975,<class 'model.Wide_ResNet'>,<class 'torch.nn.modules.loss.CrossEntropyLoss'>,<class 'torch.optim.sgd.SGD'>,,cuda:0,,128,200,0.05,512,512,1024,1,8,,16,4,0.3,10,0.05,0.9,True,0.0005,"<Client: 'inproc://172.31.40.124/27181/1' processes=1 threads=4, memory=16.48 GB>",1960,1003520,21,20,4,512,512,0.05,66.47277498245239,0.8513999581336975,0.45573188781738283,5.004179954528809
20,0.8542999625205994,<class 'model.Wide_ResNet'>,<class 'torch.nn.modules.loss.CrossEntropyLoss'>,<class 'torch.optim.sgd.SGD'>,,cuda:0,,128,200,0.05,512,512,1024,1,8,,16,4,0.3,10,0.05,0.9,True,0.0005,"<Client: 'inproc://172.31.40.124/27181/1' processes=1 threads=4, memory=16.48 GB>",2058,1053696,22,21,4,512,512,0.05,66.65507984161377,0.8542999625205994,0.44555861206054687,4.902941942214966
21,0.8543999791145325,<class 'model.Wide_ResNet'>,<class 'torch.nn.modules.loss.CrossEntropyLoss'>,<class 'torch.optim.sgd.SGD'>,,cuda:0,,128,200,0.05,512,512,1024,1,8,,16,4,0.3,10,0.05,0.9,True,0.0005,"<Client: 'inproc://172.31.40.124/27181/1' processes=1 threads=4, memory=16.48 GB>",2156,1103872,23,22,4,512,512,0.05,68.35319495201111,0.8543999791145325,0.4386463439941406,4.949825763702393
22,0.8554999828338623,<class 'model.Wide_ResNet'>,<class 'torch.nn.modules.loss.CrossEntropyLoss'>,<class 'torch.optim.sgd.SGD'>,,cuda:0,,128,200,0.05,512,512,1024,1,8,,16,4,0.3,10,0.05,0.9,True,0.0005,"<Client: 'inproc://172.31.40.124/27181/1' processes=1 threads=4, memory=16.48 GB>",2254,1154048,24,23,4,512,512,0.05,67.22320771217346,0.8554999828338623,0.437189501953125,4.921154737472534
23,0.863599956035614,<class 'model.Wide_ResNet'>,<class 'torch.nn.modules.loss.CrossEntropyLoss'>,<class 'torch.optim.sgd.SGD'>,,cuda:0,,128,200,0.05,512,512,1024,1,8,,16,4,0.3,10,0.05,0.9,True,0.0005,"<Client: 'inproc://172.31.40.124/27181/1' processes=1 threads=4, memory=16.48 GB>",2352,1204224,25,24,4,512,512,0.05,66.56061673164368,0.863599956035614,0.41148892822265626,4.937426805496216
24,0.8666999936103821,<class 'model.Wide_ResNet'>,<class 'torch.nn.modules.loss.CrossEntropyLoss'>,<class 'torch.optim.sgd.SGD'>,,cuda:0,,128,200,0.05,512,512,1024,1,8,,16,4,0.3,10,0.05,0.9,True,0.0005,"<Client: 'inproc://172.31.40.124/27181/1' processes=1 threads=4, memory=16.48 GB>",2450,1254400,26,25,4,512,512,0.05,68.10848879814148,0.8666999936103821,0.4083934020996094,4.911944150924683
25,0.8707999587059021,<class 'model.Wide_ResNet'>,<class 'torch.nn.modules.loss.CrossEntropyLoss'>,<class 'torch.optim.sgd.SGD'>,,cuda:0,,128,200,0.05,512,512,1024,1,8,,16,4,0.3,10,0.05,0.9,True,0.0005,"<Client: 'inproc://172.31.40.124/27181/1' processes=1 threads=4, memory=16.48 GB>",2548,1304576,27,26,4,512,512,0.05,67.1009132862091,0.8707999587059021,0.4069018585205078,4.9195876121521
26,0.8693000078201294,<class 'model.Wide_ResNet'>,<class 'torch.nn.modules.loss.CrossEntropyLoss'>,<class 'torch.optim.sgd.SGD'>,,cuda:0,,128,200,0.05,512,512,1024,1,8,,16,4,0.3,10,0.05,0.9,True,0.0005,"<Client: 'inproc://172.31.40.124/27181/1' processes=1 threads=4, memory=16.48 GB>",2646,1354752,28,27,4,512,512,0.05,67.26010012626648,0.8693000078201294,0.4038664703369141,4.896317958831787
27,0.8611999750137329,<class 'model.Wide_ResNet'>,<class 'torch.nn.modules.loss.CrossEntropyLoss'>,<class 'torch.optim.sgd.SGD'>,,cuda:0,,128,200,0.05,512,512,1024,1,8,,16,4,0.3,10,0.05,0.9,True,0.0005,"<Client: 'inproc://172.31.40.124/27181/1' processes=1 threads=4, memory=16.48 GB>",2744,1404928,29,28,4,512,512,0.05,67.88129234313965,0.8611999750137329,0.42669195556640627,4.911774396896362
28,0.8693999648094177,<class 'model.Wide_ResNet'>,<class 'torch.nn.modules.loss.CrossEntropyLoss'>,<class 'torch.optim.sgd.SGD'>,,cuda:0,,128,200,0.05,512,512,1024,1,8,,16,4,0.3,10,0.05,0.9,True,0.0005,"<Client: 'inproc://172.31.40.124/27181/1' processes=1 threads=4, memory=16.48 GB>",2842,1455104,30,29,4,512,512,0.05,66.70743775367737,0.8693999648094177,0.4079331268310547,4.916548728942871
29,0.8661999702453613,<class 'model.Wide_ResNet'>,<class 'torch.nn.modules.loss.CrossEntropyLoss'>,<class 'torch.optim.sgd.SGD'>,,cuda:0,,128,200,0.05,512,512,1024,1,8,,16,4,0.3,10,0.05,0.9,True,0.0005,"<Client: 'inproc://172.31.40.124/27181/1' processes=1 threads=4, memory=16.48 GB>",2940,1505280,31,30,4,512,512,0.05,66.91707491874695,0.8661999702453613,0.4228748474121094,4.943093299865723
30,0.8639999628067017,<class 'model.Wide_ResNet'>,<class 'torch.nn.modules.loss.CrossEntropyLoss'>,<class 'torch.optim.sgd.SGD'>,,cuda:0,,128,200,0.05,512,512,1024,1,8,,16,4,0.3,10,0.05,0.9,True,0.0005,"<Client: 'inproc://172.31.40.124/27181/1' processes=1 threads=4, memory=16.48 GB>",3038,1555456,32,31,4,512,512,0.05,68.85385656356812,0.8639999628067017,0.41334830322265625,4.912163019180298
31,0.8593999743461609,<class 'model.Wide_ResNet'>,<class 'torch.nn.modules.loss.CrossEntropyLoss'>,<class 'torch.optim.sgd.SGD'>,,cuda:0,,128,200,0.05,512,512,1024,1,8,,16,4,0.3,10,0.05,0.9,True,0.0005,"<Client: 'inproc://172.31.40.124/27181/1' processes=1 threads=4, memory=16.48 GB>",3136,1605632,33,32,4,512,512,0.05,66.5335385799408,0.8593999743461609,0.4378406463623047,4.895335912704468
32,0.8725999593734741,<class 'model.Wide_ResNet'>,<class 'torch.nn.modules.loss.CrossEntropyLoss'>,<class 'torch.optim.sgd.SGD'>,,cuda:0,,128,200,0.05,512,512,1024,1,8,,16,4,0.3,10,0.05,0.9,True,0.0005,"<Client: 'inproc://172.31.40.124/27181/1' processes=1 threads=4, memory=16.48 GB>",3234,1655808,34,33,4,512,512,0.05,66.67199873924255,0.8725999593734741,0.39678367614746096,4.909460067749023
33,0.8689999580383301,<class 'model.Wide_ResNet'>,<class 'torch.nn.modules.loss.CrossEntropyLoss'>,<class 'torch.optim.sgd.SGD'>,,cuda:0,,128,200,0.05,512,512,1024,1,8,,16,4,0.3,10,0.05,0.9,True,0.0005,"<Client: 'inproc://172.31.40.124/27181/1' processes=1 threads=4, memory=16.48 GB>",3332,1705984,35,34,4,512,512,0.05,68.13317537307739,0.8689999580383301,0.40409590148925784,4.923207521438599
34,0.8748999834060669,<class 'model.Wide_ResNet'>,<class 'torch.nn.modules.loss.CrossEntropyLoss'>,<class 'torch.optim.sgd.SGD'>,,cuda:0,,128,200,0.05,512,512,1024,1,8,,16,4,0.3,10,0.05,0.9,True,0.0005,"<Client: 'inproc://172.31.40.124/27181/1' processes=1 threads=4, memory=16.48 GB>",3430,1756160,36,35,4,512,512,0.05,67.38551211357117,0.8748999834060669,0.3786377716064453,4.926433086395264
35,0.8736000061035156,<class 'model.Wide_ResNet'>,<class 'torch.nn.modules.loss.CrossEntropyLoss'>,<class 'torch.optim.sgd.SGD'>,,cuda:0,,128,200,0.05,512,512,1024,1,8,,16,4,0.3,10,0.05,0.9,True,0.0005,"<Client: 'inproc://172.31.40.124/27181/1' processes=1 threads=4, memory=16.48 GB>",3528,1806336,37,36,4,512,512,0.05,66.43718385696411,0.8736000061035156,0.3847136810302734,4.927070379257202
36,0.8833000063896179,<class 'model.Wide_ResNet'>,<class 'torch.nn.modules.loss.CrossEntropyLoss'>,<class 'torch.optim.sgd.SGD'>,,cuda:0,,128,200,0.05,512,512,1024,1,8,,16,4,0.3,10,0.05,0.9,True,0.0005,"<Client: 'inproc://172.31.40.124/27181/1' processes=1 threads=4, memory=16.48 GB>",3626,1856512,38,37,4,512,512,0.05,68.03335213661194,0.8833000063896179,0.3741979949951172,4.929653167724609
37,0.8728999495506287,<class 'model.Wide_ResNet'>,<class 'torch.nn.modules.loss.CrossEntropyLoss'>,<class 'torch.optim.sgd.SGD'>,,cuda:0,,128,200,0.05,512,512,1024,1,8,,16,4,0.3,10,0.05,0.9,True,0.0005,"<Client: 'inproc://172.31.40.124/27181/1' processes=1 threads=4, memory=16.48 GB>",3724,1906688,39,38,4,512,512,0.05,66.72616410255432,0.8728999495506287,0.4017316986083984,4.904838800430298
38,0.8733999729156494,<class 'model.Wide_ResNet'>,<class 'torch.nn.modules.loss.CrossEntropyLoss'>,<class 'torch.optim.sgd.SGD'>,,cuda:0,,128,200,0.05,512,512,1024,1,8,,16,4,0.3,10,0.05,0.9,True,0.0005,"<Client: 'inproc://172.31.40.124/27181/1' processes=1 threads=4, memory=16.48 GB>",3822,1956864,40,39,4,512,512,0.05,67.24994015693665,0.8733999729156494,0.40376431274414065,4.955135345458984
39,0.8812999725341797,<class 'model.Wide_ResNet'>,<class 'torch.nn.modules.loss.CrossEntropyLoss'>,<class 'torch.optim.sgd.SGD'>,,cuda:0,,128,200,0.05,512,512,1024,1,8,,16,4,0.3,10,0.05,0.9,True,0.0005,"<Client: 'inproc://172.31.40.124/27181/1' processes=1 threads=4, memory=16.48 GB>",3920,2007040,41,40,4,512,512,0.05,66.70421028137207,0.8812999725341797,0.359400439453125,4.8974692821502686
40,0.8770999908447266,<class 'model.Wide_ResNet'>,<class 'torch.nn.modules.loss.CrossEntropyLoss'>,<class 'torch.optim.sgd.SGD'>,,cuda:0,,128,200,0.05,512,512,1024,1,8,,16,4,0.3,10,0.05,0.9,True,0.0005,"<Client: 'inproc://172.31.40.124/27181/1' processes=1 threads=4, memory=16.48 GB>",4018,2057216,42,41,4,512,512,0.05,67.85175037384033,0.8770999908447266,0.38754459533691404,4.895509243011475
41,0.8791999816894531,<class 'model.Wide_ResNet'>,<class 'torch.nn.modules.loss.CrossEntropyLoss'>,<class 'torch.optim.sgd.SGD'>,,cuda:0,,128,200,0.05,512,512,1024,1,8,,16,4,0.3,10,0.05,0.9,True,0.0005,"<Client: 'inproc://172.31.40.124/27181/1' processes=1 threads=4, memory=16.48 GB>",4116,2107392,43,42,4,512,512,0.05,66.77933859825134,0.8791999816894531,0.3979986572265625,4.958214282989502
42,0.8736000061035156,<class 'model.Wide_ResNet'>,<class 'torch.nn.modules.loss.CrossEntropyLoss'>,<class 'torch.optim.sgd.SGD'>,,cuda:0,,128,200,0.05,512,512,1024,1,8,,16,4,0.3,10,0.05,0.9,True,0.0005,"<Client: 'inproc://172.31.40.124/27181/1' processes=1 threads=4, memory=16.48 GB>",4214,2157568,44,43,4,512,512,0.05,67.23858761787415,0.8736000061035156,0.3959128204345703,4.951322317123413
43,0.8817999958992004,<class 'model.Wide_ResNet'>,<class 'torch.nn.modules.loss.CrossEntropyLoss'>,<class 'torch.optim.sgd.SGD'>,,cuda:0,,128,200,0.05,512,512,1024,1,8,,16,4,0.3,10,0.05,0.9,True,0.0005,"<Client: 'inproc://172.31.40.124/27181/1' processes=1 threads=4, memory=16.48 GB>",4312,2207744,45,44,4,512,512,0.05,68.26101207733154,0.8817999958992004,0.3724682342529297,4.896036624908447
44,0.8812999725341797,<class 'model.Wide_ResNet'>,<class 'torch.nn.modules.loss.CrossEntropyLoss'>,<class 'torch.optim.sgd.SGD'>,,cuda:0,,128,200,0.05,512,512,1024,1,8,,16,4,0.3,10,0.05,0.9,True,0.0005,"<Client: 'inproc://172.31.40.124/27181/1' processes=1 threads=4, memory=16.48 GB>",4410,2257920,46,45,4,512,512,0.05,66.65649485588074,0.8812999725341797,0.368503515625,4.912337064743042
45,0.8811999559402466,<class 'model.Wide_ResNet'>,<class 'torch.nn.modules.loss.CrossEntropyLoss'>,<class 'torch.optim.sgd.SGD'>,,cuda:0,,128,200,0.05,512,512,1024,1,8,,16,4,0.3,10,0.05,0.9,True,0.0005,"<Client: 'inproc://172.31.40.124/27181/1' processes=1 threads=4, memory=16.48 GB>",4508,2308096,47,46,4,512,512,0.05,66.35875511169434,0.8811999559402466,0.37690038146972654,4.9050726890563965
46,0.8750999569892883,<class 'model.Wide_ResNet'>,<class 'torch.nn.modules.loss.CrossEntropyLoss'>,<class 'torch.optim.sgd.SGD'>,,cuda:0,,128,200,0.05,512,512,1024,1,8,,16,4,0.3,10,0.05,0.9,True,0.0005,"<Client: 'inproc://172.31.40.124/27181/1' processes=1 threads=4, memory=16.48 GB>",4606,2358272,48,47,4,512,512,0.05,67.79010033607483,0.8750999569892883,0.38520199279785156,4.887685060501099
47,0.8782999515533447,<class 'model.Wide_ResNet'>,<class 'torch.nn.modules.loss.CrossEntropyLoss'>,<class 'torch.optim.sgd.SGD'>,,cuda:0,,128,200,0.05,512,512,1024,1,8,,16,4,0.3,10,0.05,0.9,True,0.0005,"<Client: 'inproc://172.31.40.124/27181/1' processes=1 threads=4, memory=16.48 GB>",4704,2408448,49,48,4,512,512,0.05,66.38219022750854,0.8782999515533447,0.39650547790527346,4.903438568115234
48,0.8828999996185303,<class 'model.Wide_ResNet'>,<class 'torch.nn.modules.loss.CrossEntropyLoss'>,<class 'torch.optim.sgd.SGD'>,,cuda:0,,128,200,0.05,512,512,1024,1,8,,16,4,0.3,10,0.05,0.9,True,0.0005,"<Client: 'inproc://172.31.40.124/27181/1' processes=1 threads=4, memory=16.48 GB>",4802,2458624,50,49,4,512,512,0.05,66.48310875892639,0.8828999996185303,0.3651505645751953,4.923804998397827
49,0.8728999495506287,<class 'model.Wide_ResNet'>,<class 'torch.nn.modules.loss.CrossEntropyLoss'>,<class 'torch.optim.sgd.SGD'>,,cuda:0,,128,200,0.05,512,512,1024,1,8,,16,4,0.3,10,0.05,0.9,True,0.0005,"<Client: 'inproc://172.31.40.124/27181/1' processes=1 threads=4, memory=16.48 GB>",4900,2508800,51,50,4,512,512,0.05,68.10500693321228,0.8728999495506287,0.3964727294921875,4.911520719528198
50,0.8775999546051025,<class 'model.Wide_ResNet'>,<class 'torch.nn.modules.loss.CrossEntropyLoss'>,<class 'torch.optim.sgd.SGD'>,,cuda:0,,128,200,0.05,512,512,1024,1,8,,16,4,0.3,10,0.05,0.9,True,0.0005,"<Client: 'inproc://172.31.40.124/27181/1' processes=1 threads=4, memory=16.48 GB>",4998,2558976,52,51,4,512,512,0.05,67.05200099945068,0.8775999546051025,0.37251927490234377,4.983558654785156
51,0.8805999755859375,<class 'model.Wide_ResNet'>,<class 'torch.nn.modules.loss.CrossEntropyLoss'>,<class 'torch.optim.sgd.SGD'>,,cuda:0,,128,200,0.05,512,512,1024,1,8,,16,4,0.3,10,0.05,0.9,True,0.0005,"<Client: 'inproc://172.31.40.124/27181/1' processes=1 threads=4, memory=16.48 GB>",5096,2609152,53,52,4,512,512,0.05,67.2619297504425,0.8805999755859375,0.3768536895751953,4.890129327774048
52,0.8757999539375305,<class 'model.Wide_ResNet'>,<class 'torch.nn.modules.loss.CrossEntropyLoss'>,<class 'torch.optim.sgd.SGD'>,,cuda:0,,128,200,0.05,512,512,1024,1,8,,16,4,0.3,10,0.05,0.9,True,0.0005,"<Client: 'inproc://172.31.40.124/27181/1' processes=1 threads=4, memory=16.48 GB>",5194,2659328,54,53,4,512,512,0.05,66.38400197029114,0.8757999539375305,0.3980543273925781,4.895001649856567
53,0.8779000043869019,<class 'model.Wide_ResNet'>,<class 'torch.nn.modules.loss.CrossEntropyLoss'>,<class 'torch.optim.sgd.SGD'>,,cuda:0,,128,200,0.05,512,512,1024,1,8,,16,4,0.3,10,0.05,0.9,True,0.0005,"<Client: 'inproc://172.31.40.124/27181/1' processes=1 threads=4, memory=16.48 GB>",5292,2709504,55,54,4,512,512,0.05,68.18777632713318,0.8779000043869019,0.3844405059814453,4.902249097824097
54,0.8847999572753906,<class 'model.Wide_ResNet'>,<class 'torch.nn.modules.loss.CrossEntropyLoss'>,<class 'torch.optim.sgd.SGD'>,,cuda:0,,128,200,0.05,512,512,1024,1,8,,16,4,0.3,10,0.05,0.9,True,0.0005,"<Client: 'inproc://172.31.40.124/27181/1' processes=1 threads=4, memory=16.48 GB>",5390,2759680,56,55,4,512,512,0.05,66.94188189506531,0.8847999572753906,0.3726547180175781,4.96654748916626
55,0.8851000070571899,<class 'model.Wide_ResNet'>,<class 'torch.nn.modules.loss.CrossEntropyLoss'>,<class 'torch.optim.sgd.SGD'>,,cuda:0,,128,200,0.05,512,512,1024,1,8,,16,4,0.3,10,0.05,0.9,True,0.0005,"<Client: 'inproc://172.31.40.124/27181/1' processes=1 threads=4, memory=16.48 GB>",5488,2809856,57,56,4,512,512,0.05,67.34896230697632,0.8851000070571899,0.36693013916015627,4.900494813919067
56,0.8819999694824219,<class 'model.Wide_ResNet'>,<class 'torch.nn.modules.loss.CrossEntropyLoss'>,<class 'torch.optim.sgd.SGD'>,,cuda:0,,128,200,0.05,512,512,1024,1,8,,16,4,0.3,10,0.05,0.9,True,0.0005,"<Client: 'inproc://172.31.40.124/27181/1' processes=1 threads=4, memory=16.48 GB>",5586,2860032,58,57,4,512,512,0.05,67.98449754714966,0.8819999694824219,0.37112725830078125,4.890178680419922
57,0.882099986076355,<class 'model.Wide_ResNet'>,<class 'torch.nn.modules.loss.CrossEntropyLoss'>,<class 'torch.optim.sgd.SGD'>,,cuda:0,,128,200,0.05,512,512,1024,1,8,,16,4,0.3,10,0.05,0.9,True,0.0005,"<Client: 'inproc://172.31.40.124/27181/1' processes=1 threads=4, memory=16.48 GB>",5684,2910208,59,58,4,512,512,0.05,66.56857419013977,0.882099986076355,0.38334983520507815,4.913109064102173
58,0.8784999847412109,<class 'model.Wide_ResNet'>,<class 'torch.nn.modules.loss.CrossEntropyLoss'>,<class 'torch.optim.sgd.SGD'>,,cuda:0,,128,200,0.05,512,512,1024,1,8,,16,4,0.3,10,0.05,0.9,True,0.0005,"<Client: 'inproc://172.31.40.124/27181/1' processes=1 threads=4, memory=16.48 GB>",5782,2960384,60,59,4,512,512,0.05,66.7948784828186,0.8784999847412109,0.38467162475585936,4.903375625610352
59,0.8831999897956848,<class 'model.Wide_ResNet'>,<class 'torch.nn.modules.loss.CrossEntropyLoss'>,<class 'torch.optim.sgd.SGD'>,,cuda:0,,128,200,0.05,512,512,1024,1,8,,16,4,0.3,10,0.05,0.9,True,0.0005,"<Client: 'inproc://172.31.40.124/27181/1' processes=1 threads=4, memory=16.48 GB>",5880,3010560,61,60,4,512,512,0.05,69.01275730133057,0.8831999897956848,0.3717950500488281,4.906806945800781
60,0.9025999903678894,<class 'model.Wide_ResNet'>,<class 'torch.nn.modules.loss.CrossEntropyLoss'>,<class 'torch.optim.sgd.SGD'>,,cuda:0,,128,200,0.05,512,512,1024,1,8,,16,4,0.3,10,0.05,0.9,True,0.0005,"<Client: 'inproc://172.31.40.124/27181/1' processes=1 threads=4, memory=16.48 GB>",5978,3060736,63,61,4,2560,512,0.010000000000000002,66.4592547416687,0.9025999903678894,0.3156792297363281,4.900046110153198
61,0.9042999744415283,<class 'model.Wide_ResNet'>,<class 'torch.nn.modules.loss.CrossEntropyLoss'>,<class 'torch.optim.sgd.SGD'>,,cuda:0,,128,200,0.05,512,512,1024,1,8,,16,4,0.3,10,0.05,0.9,True,0.0005,"<Client: 'inproc://172.31.40.124/27181/1' processes=1 threads=4, memory=16.48 GB>",6076,3110912,64,62,4,2560,512,0.010000000000000002,66.78669905662537,0.9042999744415283,0.3048441375732422,4.906136989593506
62,0.9083999991416931,<class 'model.Wide_ResNet'>,<class 'torch.nn.modules.loss.CrossEntropyLoss'>,<class 'torch.optim.sgd.SGD'>,,cuda:0,,128,200,0.05,512,512,1024,1,8,,16,4,0.3,10,0.05,0.9,True,0.0005,"<Client: 'inproc://172.31.40.124/27181/1' processes=1 threads=4, memory=16.48 GB>",6174,3161088,65,63,4,2560,512,0.010000000000000002,68.57478380203247,0.9083999991416931,0.29458746032714844,4.93202805519104
63,0.9065999984741211,<class 'model.Wide_ResNet'>,<class 'torch.nn.modules.loss.CrossEntropyLoss'>,<class 'torch.optim.sgd.SGD'>,,cuda:0,,128,200,0.05,512,512,1024,1,8,,16,4,0.3,10,0.05,0.9,True,0.0005,"<Client: 'inproc://172.31.40.124/27181/1' processes=1 threads=4, memory=16.48 GB>",6272,3211264,66,64,4,2560,512,0.010000000000000002,67.2731671333313,0.9065999984741211,0.30421141662597656,4.915607452392578
64,0.9041999578475952,<class 'model.Wide_ResNet'>,<class 'torch.nn.modules.loss.CrossEntropyLoss'>,<class 'torch.optim.sgd.SGD'>,,cuda:0,,128,200,0.05,512,512,1024,1,8,,16,4,0.3,10,0.05,0.9,True,0.0005,"<Client: 'inproc://172.31.40.124/27181/1' processes=1 threads=4, memory=16.48 GB>",6370,3261440,67,65,4,2560,512,0.010000000000000002,66.48572993278503,0.9041999578475952,0.30754189453125,4.938835144042969
65,0.9070999622344971,<class 'model.Wide_ResNet'>,<class 'torch.nn.modules.loss.CrossEntropyLoss'>,<class 'torch.optim.sgd.SGD'>,,cuda:0,,128,200,0.05,512,512,1024,1,8,,16,4,0.3,10,0.05,0.9,True,0.0005,"<Client: 'inproc://172.31.40.124/27181/1' processes=1 threads=4, memory=16.48 GB>",6468,3311616,68,66,4,2560,512,0.010000000000000002,66.70395994186401,0.9070999622344971,0.3120189605712891,4.914831876754761
66,0.9077999591827393,<class 'model.Wide_ResNet'>,<class 'torch.nn.modules.loss.CrossEntropyLoss'>,<class 'torch.optim.sgd.SGD'>,,cuda:0,,128,200,0.05,512,512,1024,1,8,,16,4,0.3,10,0.05,0.9,True,0.0005,"<Client: 'inproc://172.31.40.124/27181/1' processes=1 threads=4, memory=16.48 GB>",6566,3361792,69,67,4,2560,512,0.010000000000000002,68.5171492099762,0.9077999591827393,0.3053228546142578,4.959339141845703
67,0.9038999676704407,<class 'model.Wide_ResNet'>,<class 'torch.nn.modules.loss.CrossEntropyLoss'>,<class 'torch.optim.sgd.SGD'>,,cuda:0,,128,200,0.05,512,512,1024,1,8,,16,4,0.3,10,0.05,0.9,True,0.0005,"<Client: 'inproc://172.31.40.124/27181/1' processes=1 threads=4, memory=16.48 GB>",6664,3411968,70,68,4,2560,512,0.010000000000000002,67.46536564826965,0.9038999676704407,0.3202372467041016,4.929661989212036
68,0.9078999757766724,<class 'model.Wide_ResNet'>,<class 'torch.nn.modules.loss.CrossEntropyLoss'>,<class 'torch.optim.sgd.SGD'>,,cuda:0,,128,200,0.05,512,512,1024,1,8,,16,4,0.3,10,0.05,0.9,True,0.0005,"<Client: 'inproc://172.31.40.124/27181/1' processes=1 threads=4, memory=16.48 GB>",6762,3462144,71,69,4,2560,512,0.010000000000000002,66.478271484375,0.9078999757766724,0.306052197265625,4.8999738693237305
69,0.90829998254776,<class 'model.Wide_ResNet'>,<class 'torch.nn.modules.loss.CrossEntropyLoss'>,<class 'torch.optim.sgd.SGD'>,,cuda:0,,128,200,0.05,512,512,1024,1,8,,16,4,0.3,10,0.05,0.9,True,0.0005,"<Client: 'inproc://172.31.40.124/27181/1' processes=1 threads=4, memory=16.48 GB>",6860,3512320,72,70,4,2560,512,0.010000000000000002,68.1145544052124,0.90829998254776,0.30786550903320314,4.89872145652771
70,0.9052000045776367,<class 'model.Wide_ResNet'>,<class 'torch.nn.modules.loss.CrossEntropyLoss'>,<class 'torch.optim.sgd.SGD'>,,cuda:0,,128,200,0.05,512,512,1024,1,8,,16,4,0.3,10,0.05,0.9,True,0.0005,"<Client: 'inproc://172.31.40.124/27181/1' processes=1 threads=4, memory=16.48 GB>",6958,3562496,73,71,4,2560,512,0.010000000000000002,66.75598812103271,0.9052000045776367,0.3122964141845703,4.954503059387207
71,0.9041000008583069,<class 'model.Wide_ResNet'>,<class 'torch.nn.modules.loss.CrossEntropyLoss'>,<class 'torch.optim.sgd.SGD'>,,cuda:0,,128,200,0.05,512,512,1024,1,8,,16,4,0.3,10,0.05,0.9,True,0.0005,"<Client: 'inproc://172.31.40.124/27181/1' processes=1 threads=4, memory=16.48 GB>",7056,3612672,74,72,4,2560,512,0.010000000000000002,67.56277894973755,0.9041000008583069,0.3152968780517578,4.957994699478149
72,0.9052000045776367,<class 'model.Wide_ResNet'>,<class 'torch.nn.modules.loss.CrossEntropyLoss'>,<class 'torch.optim.sgd.SGD'>,,cuda:0,,128,200,0.05,512,512,1024,1,8,,16,4,0.3,10,0.05,0.9,True,0.0005,"<Client: 'inproc://172.31.40.124/27181/1' processes=1 threads=4, memory=16.48 GB>",7154,3662848,75,73,4,2560,512,0.010000000000000002,68.2669358253479,0.9052000045776367,0.31430409240722657,4.8867027759552
73,0.9065999984741211,<class 'model.Wide_ResNet'>,<class 'torch.nn.modules.loss.CrossEntropyLoss'>,<class 'torch.optim.sgd.SGD'>,,cuda:0,,128,200,0.05,512,512,1024,1,8,,16,4,0.3,10,0.05,0.9,True,0.0005,"<Client: 'inproc://172.31.40.124/27181/1' processes=1 threads=4, memory=16.48 GB>",7252,3713024,76,74,4,2560,512,0.010000000000000002,66.53093433380127,0.9065999984741211,0.3108942413330078,4.890313386917114
74,0.9071999788284302,<class 'model.Wide_ResNet'>,<class 'torch.nn.modules.loss.CrossEntropyLoss'>,<class 'torch.optim.sgd.SGD'>,,cuda:0,,128,200,0.05,512,512,1024,1,8,,16,4,0.3,10,0.05,0.9,True,0.0005,"<Client: 'inproc://172.31.40.124/27181/1' processes=1 threads=4, memory=16.48 GB>",7350,3763200,77,75,4,2560,512,0.010000000000000002,66.79569363594055,0.9071999788284302,0.3147854888916016,4.954824447631836
75,0.9035999774932861,<class 'model.Wide_ResNet'>,<class 'torch.nn.modules.loss.CrossEntropyLoss'>,<class 'torch.optim.sgd.SGD'>,,cuda:0,,128,200,0.05,512,512,1024,1,8,,16,4,0.3,10,0.05,0.9,True,0.0005,"<Client: 'inproc://172.31.40.124/27181/1' processes=1 threads=4, memory=16.48 GB>",7448,3813376,78,76,4,2560,512,0.010000000000000002,68.88591289520264,0.9035999774932861,0.31729043273925783,4.946181535720825
76,0.9041000008583069,<class 'model.Wide_ResNet'>,<class 'torch.nn.modules.loss.CrossEntropyLoss'>,<class 'torch.optim.sgd.SGD'>,,cuda:0,,128,200,0.05,512,512,1024,1,8,,16,4,0.3,10,0.05,0.9,True,0.0005,"<Client: 'inproc://172.31.40.124/27181/1' processes=1 threads=4, memory=16.48 GB>",7546,3863552,79,77,4,2560,512,0.010000000000000002,66.80671787261963,0.9041000008583069,0.3252742797851563,4.917865514755249
77,0.9049999713897705,<class 'model.Wide_ResNet'>,<class 'torch.nn.modules.loss.CrossEntropyLoss'>,<class 'torch.optim.sgd.SGD'>,,cuda:0,,128,200,0.05,512,512,1024,1,8,,16,4,0.3,10,0.05,0.9,True,0.0005,"<Client: 'inproc://172.31.40.124/27181/1' processes=1 threads=4, memory=16.48 GB>",7644,3913728,80,78,4,2560,512,0.010000000000000002,66.55954360961914,0.9049999713897705,0.3289660858154297,4.911295652389526
78,0.9048999547958374,<class 'model.Wide_ResNet'>,<class 'torch.nn.modules.loss.CrossEntropyLoss'>,<class 'torch.optim.sgd.SGD'>,,cuda:0,,128,200,0.05,512,512,1024,1,8,,16,4,0.3,10,0.05,0.9,True,0.0005,"<Client: 'inproc://172.31.40.124/27181/1' processes=1 threads=4, memory=16.48 GB>",7742,3963904,81,79,4,2560,512,0.010000000000000002,66.71084332466125,0.9048999547958374,0.3228249969482422,4.929053544998169
79,0.9080999493598938,<class 'model.Wide_ResNet'>,<class 'torch.nn.modules.loss.CrossEntropyLoss'>,<class 'torch.optim.sgd.SGD'>,,cuda:0,,128,200,0.05,512,512,1024,1,8,,16,4,0.3,10,0.05,0.9,True,0.0005,"<Client: 'inproc://172.31.40.124/27181/1' processes=1 threads=4, memory=16.48 GB>",7840,4014080,82,80,4,2560,512,0.010000000000000002,68.87764430046082,0.9080999493598938,0.31434292907714845,5.004160165786743
80,0.9048999547958374,<class 'model.Wide_ResNet'>,<class 'torch.nn.modules.loss.CrossEntropyLoss'>,<class 'torch.optim.sgd.SGD'>,,cuda:0,,128,200,0.05,512,512,1024,1,8,,16,4,0.3,10,0.05,0.9,True,0.0005,"<Client: 'inproc://172.31.40.124/27181/1' processes=1 threads=4, memory=16.48 GB>",7938,4064256,83,81,4,2560,512,0.010000000000000002,66.76387739181519,0.9048999547958374,0.3242800048828125,4.893669605255127
81,0.9057999849319458,<class 'model.Wide_ResNet'>,<class 'torch.nn.modules.loss.CrossEntropyLoss'>,<class 'torch.optim.sgd.SGD'>,,cuda:0,,128,200,0.05,512,512,1024,1,8,,16,4,0.3,10,0.05,0.9,True,0.0005,"<Client: 'inproc://172.31.40.124/27181/1' processes=1 threads=4, memory=16.48 GB>",8036,4114432,84,82,4,2560,512,0.010000000000000002,66.57611989974976,0.9057999849319458,0.3197094696044922,4.911947250366211
82,0.9047999978065491,<class 'model.Wide_ResNet'>,<class 'torch.nn.modules.loss.CrossEntropyLoss'>,<class 'torch.optim.sgd.SGD'>,,cuda:0,,128,200,0.05,512,512,1024,1,8,,16,4,0.3,10,0.05,0.9,True,0.0005,"<Client: 'inproc://172.31.40.124/27181/1' processes=1 threads=4, memory=16.48 GB>",8134,4164608,85,83,4,2560,512,0.010000000000000002,67.8704400062561,0.9047999978065491,0.32546129150390624,4.903331756591797
83,0.9017999768257141,<class 'model.Wide_ResNet'>,<class 'torch.nn.modules.loss.CrossEntropyLoss'>,<class 'torch.optim.sgd.SGD'>,,cuda:0,,128,200,0.05,512,512,1024,1,8,,16,4,0.3,10,0.05,0.9,True,0.0005,"<Client: 'inproc://172.31.40.124/27181/1' processes=1 threads=4, memory=16.48 GB>",8232,4214784,86,84,4,2560,512,0.010000000000000002,66.46536874771118,0.9017999768257141,0.33121004333496096,4.901195049285889
84,0.9053999781608582,<class 'model.Wide_ResNet'>,<class 'torch.nn.modules.loss.CrossEntropyLoss'>,<class 'torch.optim.sgd.SGD'>,,cuda:0,,128,200,0.05,512,512,1024,1,8,,16,4,0.3,10,0.05,0.9,True,0.0005,"<Client: 'inproc://172.31.40.124/27181/1' processes=1 threads=4, memory=16.48 GB>",8330,4264960,87,85,4,2560,512,0.010000000000000002,66.51563954353333,0.9053999781608582,0.32721675415039064,4.888689994812012
85,0.9061999917030334,<class 'model.Wide_ResNet'>,<class 'torch.nn.modules.loss.CrossEntropyLoss'>,<class 'torch.optim.sgd.SGD'>,,cuda:0,,128,200,0.05,512,512,1024,1,8,,16,4,0.3,10,0.05,0.9,True,0.0005,"<Client: 'inproc://172.31.40.124/27181/1' processes=1 threads=4, memory=16.48 GB>",8428,4315136,88,86,4,2560,512,0.010000000000000002,67.9843819141388,0.9061999917030334,0.3211516143798828,4.924952268600464
86,0.9088000059127808,<class 'model.Wide_ResNet'>,<class 'torch.nn.modules.loss.CrossEntropyLoss'>,<class 'torch.optim.sgd.SGD'>,,cuda:0,,128,200,0.05,512,512,1024,1,8,,16,4,0.3,10,0.05,0.9,True,0.0005,"<Client: 'inproc://172.31.40.124/27181/1' processes=1 threads=4, memory=16.48 GB>",8526,4365312,89,87,4,2560,512,0.010000000000000002,66.71474051475525,0.9088000059127808,0.3147904479980469,4.90444016456604
87,0.9049999713897705,<class 'model.Wide_ResNet'>,<class 'torch.nn.modules.loss.CrossEntropyLoss'>,<class 'torch.optim.sgd.SGD'>,,cuda:0,,128,200,0.05,512,512,1024,1,8,,16,4,0.3,10,0.05,0.9,True,0.0005,"<Client: 'inproc://172.31.40.124/27181/1' processes=1 threads=4, memory=16.48 GB>",8624,4415488,90,88,4,2560,512,0.010000000000000002,66.8597526550293,0.9049999713897705,0.32556925354003907,4.980177402496338
88,0.9025999903678894,<class 'model.Wide_ResNet'>,<class 'torch.nn.modules.loss.CrossEntropyLoss'>,<class 'torch.optim.sgd.SGD'>,,cuda:0,,128,200,0.05,512,512,1024,1,8,,16,4,0.3,10,0.05,0.9,True,0.0005,"<Client: 'inproc://172.31.40.124/27181/1' processes=1 threads=4, memory=16.48 GB>",8722,4465664,91,89,4,2560,512,0.010000000000000002,67.21904277801514,0.9025999903678894,0.3311474365234375,4.901322364807129
89,0.9055999517440796,<class 'model.Wide_ResNet'>,<class 'torch.nn.modules.loss.CrossEntropyLoss'>,<class 'torch.optim.sgd.SGD'>,,cuda:0,,128,200,0.05,512,512,1024,1,8,,16,4,0.3,10,0.05,0.9,True,0.0005,"<Client: 'inproc://172.31.40.124/27181/1' processes=1 threads=4, memory=16.48 GB>",8820,4515840,92,90,4,2560,512,0.010000000000000002,68.08900117874146,0.9055999517440796,0.32697456665039065,4.894787311553955
90,0.9070000052452087,<class 'model.Wide_ResNet'>,<class 'torch.nn.modules.loss.CrossEntropyLoss'>,<class 'torch.optim.sgd.SGD'>,,cuda:0,,128,200,0.05,512,512,1024,1,8,,16,4,0.3,10,0.05,0.9,True,0.0005,"<Client: 'inproc://172.31.40.124/27181/1' processes=1 threads=4, memory=16.48 GB>",8918,4566016,93,91,4,2560,512,0.010000000000000002,66.66666579246521,0.9070000052452087,0.32406119384765625,4.903908729553223
91,0.9059999585151672,<class 'model.Wide_ResNet'>,<class 'torch.nn.modules.loss.CrossEntropyLoss'>,<class 'torch.optim.sgd.SGD'>,,cuda:0,,128,200,0.05,512,512,1024,1,8,,16,4,0.3,10,0.05,0.9,True,0.0005,"<Client: 'inproc://172.31.40.124/27181/1' processes=1 threads=4, memory=16.48 GB>",9016,4616192,94,92,4,2560,512,0.010000000000000002,67.07743382453918,0.9059999585151672,0.3169339660644531,4.954186916351318
92,0.9067999720573425,<class 'model.Wide_ResNet'>,<class 'torch.nn.modules.loss.CrossEntropyLoss'>,<class 'torch.optim.sgd.SGD'>,,cuda:0,,128,200,0.05,512,512,1024,1,8,,16,4,0.3,10,0.05,0.9,True,0.0005,"<Client: 'inproc://172.31.40.124/27181/1' processes=1 threads=4, memory=16.48 GB>",9114,4666368,95,93,4,2560,512,0.010000000000000002,68.9862425327301,0.9067999720573425,0.3205976379394531,4.8937811851501465
93,0.9062999486923218,<class 'model.Wide_ResNet'>,<class 'torch.nn.modules.loss.CrossEntropyLoss'>,<class 'torch.optim.sgd.SGD'>,,cuda:0,,128,200,0.05,512,512,1024,1,8,,16,4,0.3,10,0.05,0.9,True,0.0005,"<Client: 'inproc://172.31.40.124/27181/1' processes=1 threads=4, memory=16.48 GB>",9212,4716544,96,94,4,2560,512,0.010000000000000002,66.521409034729,0.9062999486923218,0.31563167419433596,4.919830322265625
94,0.905299961566925,<class 'model.Wide_ResNet'>,<class 'torch.nn.modules.loss.CrossEntropyLoss'>,<class 'torch.optim.sgd.SGD'>,,cuda:0,,128,200,0.05,512,512,1024,1,8,,16,4,0.3,10,0.05,0.9,True,0.0005,"<Client: 'inproc://172.31.40.124/27181/1' processes=1 threads=4, memory=16.48 GB>",9310,4766720,97,95,4,2560,512,0.010000000000000002,66.51479721069336,0.905299961566925,0.33315620727539064,4.915374755859375
95,0.9052000045776367,<class 'model.Wide_ResNet'>,<class 'torch.nn.modules.loss.CrossEntropyLoss'>,<class 'torch.optim.sgd.SGD'>,,cuda:0,,128,200,0.05,512,512,1024,1,8,,16,4,0.3,10,0.05,0.9,True,0.0005,"<Client: 'inproc://172.31.40.124/27181/1' processes=1 threads=4, memory=16.48 GB>",9408,4816896,98,96,4,2560,512,0.010000000000000002,67.96939849853516,0.9052000045776367,0.32007430114746094,4.892611742019653
96,0.9052000045776367,<class 'model.Wide_ResNet'>,<class 'torch.nn.modules.loss.CrossEntropyLoss'>,<class 'torch.optim.sgd.SGD'>,,cuda:0,,128,200,0.05,512,512,1024,1,8,,16,4,0.3,10,0.05,0.9,True,0.0005,"<Client: 'inproc://172.31.40.124/27181/1' processes=1 threads=4, memory=16.48 GB>",9506,4867072,99,97,4,2560,512,0.010000000000000002,66.45617651939392,0.9052000045776367,0.32952920837402344,4.896625757217407
97,0.902899980545044,<class 'model.Wide_ResNet'>,<class 'torch.nn.modules.loss.CrossEntropyLoss'>,<class 'torch.optim.sgd.SGD'>,,cuda:0,,128,200,0.05,512,512,1024,1,8,,16,4,0.3,10,0.05,0.9,True,0.0005,"<Client: 'inproc://172.31.40.124/27181/1' processes=1 threads=4, memory=16.48 GB>",9604,4917248,100,98,4,2560,512,0.010000000000000002,66.47776627540588,0.902899980545044,0.3400012176513672,4.894333124160767
98,0.9045999646186829,<class 'model.Wide_ResNet'>,<class 'torch.nn.modules.loss.CrossEntropyLoss'>,<class 'torch.optim.sgd.SGD'>,,cuda:0,,128,200,0.05,512,512,1024,1,8,,16,4,0.3,10,0.05,0.9,True,0.0005,"<Client: 'inproc://172.31.40.124/27181/1' processes=1 threads=4, memory=16.48 GB>",9702,4967424,101,99,4,2560,512,0.010000000000000002,66.5826952457428,0.9045999646186829,0.32651021118164064,4.9138147830963135
99,0.9059000015258789,<class 'model.Wide_ResNet'>,<class 'torch.nn.modules.loss.CrossEntropyLoss'>,<class 'torch.optim.sgd.SGD'>,,cuda:0,,128,200,0.05,512,512,1024,1,8,,16,4,0.3,10,0.05,0.9,True,0.0005,"<Client: 'inproc://172.31.40.124/27181/1' processes=1 threads=4, memory=16.48 GB>",9800,5017600,102,100,4,2560,512,0.010000000000000002,68.50350213050842,0.9059000015258789,0.33571321411132815,4.951366662979126
100,0.9034000039100647,<class 'model.Wide_ResNet'>,<class 'torch.nn.modules.loss.CrossEntropyLoss'>,<class 'torch.optim.sgd.SGD'>,,cuda:0,,128,200,0.05,512,512,1024,1,8,,16,4,0.3,10,0.05,0.9,True,0.0005,"<Client: 'inproc://172.31.40.124/27181/1' processes=1 threads=4, memory=16.48 GB>",9898,5067776,103,101,4,2560,512,0.010000000000000002,67.4656183719635,0.9034000039100647,0.33333338623046876,4.981087923049927
101,0.9061999917030334,<class 'model.Wide_ResNet'>,<class 'torch.nn.modules.loss.CrossEntropyLoss'>,<class 'torch.optim.sgd.SGD'>,,cuda:0,,128,200,0.05,512,512,1024,1,8,,16,4,0.3,10,0.05,0.9,True,0.0005,"<Client: 'inproc://172.31.40.124/27181/1' processes=1 threads=4, memory=16.48 GB>",9996,5117952,104,102,4,2560,512,0.010000000000000002,66.71074485778809,0.9061999917030334,0.3256652893066406,4.89704155921936
102,0.9066999554634094,<class 'model.Wide_ResNet'>,<class 'torch.nn.modules.loss.CrossEntropyLoss'>,<class 'torch.optim.sgd.SGD'>,,cuda:0,,128,200,0.05,512,512,1024,1,8,,16,4,0.3,10,0.05,0.9,True,0.0005,"<Client: 'inproc://172.31.40.124/27181/1' processes=1 threads=4, memory=16.48 GB>",10094,5168128,105,103,4,2560,512,0.010000000000000002,68.15129041671753,0.9066999554634094,0.3215739227294922,4.902673721313477
103,0.9053999781608582,<class 'model.Wide_ResNet'>,<class 'torch.nn.modules.loss.CrossEntropyLoss'>,<class 'torch.optim.sgd.SGD'>,,cuda:0,,128,200,0.05,512,512,1024,1,8,,16,4,0.3,10,0.05,0.9,True,0.0005,"<Client: 'inproc://172.31.40.124/27181/1' processes=1 threads=4, memory=16.48 GB>",10192,5218304,106,104,4,2560,512,0.010000000000000002,66.76014304161072,0.9053999781608582,0.3238984313964844,4.902631044387817
104,0.9042999744415283,<class 'model.Wide_ResNet'>,<class 'torch.nn.modules.loss.CrossEntropyLoss'>,<class 'torch.optim.sgd.SGD'>,,cuda:0,,128,200,0.05,512,512,1024,1,8,,16,4,0.3,10,0.05,0.9,True,0.0005,"<Client: 'inproc://172.31.40.124/27181/1' processes=1 threads=4, memory=16.48 GB>",10290,5268480,107,105,4,2560,512,0.010000000000000002,67.47033381462097,0.9042999744415283,0.3342267578125,4.9884421825408936
105,0.9081999659538269,<class 'model.Wide_ResNet'>,<class 'torch.nn.modules.loss.CrossEntropyLoss'>,<class 'torch.optim.sgd.SGD'>,,cuda:0,,128,200,0.05,512,512,1024,1,8,,16,4,0.3,10,0.05,0.9,True,0.0005,"<Client: 'inproc://172.31.40.124/27181/1' processes=1 threads=4, memory=16.48 GB>",10388,5318656,108,106,4,2560,512,0.010000000000000002,66.90133571624756,0.9081999659538269,0.32257978515625,6.6091835498809814
106,0.9077000021934509,<class 'model.Wide_ResNet'>,<class 'torch.nn.modules.loss.CrossEntropyLoss'>,<class 'torch.optim.sgd.SGD'>,,cuda:0,,128,200,0.05,512,512,1024,1,8,,16,4,0.3,10,0.05,0.9,True,0.0005,"<Client: 'inproc://172.31.40.124/27181/1' processes=1 threads=4, memory=16.48 GB>",10486,5368832,109,107,4,2560,512,0.010000000000000002,66.6002607345581,0.9077000021934509,0.32374772033691407,4.920771360397339
107,0.9039999842643738,<class 'model.Wide_ResNet'>,<class 'torch.nn.modules.loss.CrossEntropyLoss'>,<class 'torch.optim.sgd.SGD'>,,cuda:0,,128,200,0.05,512,512,1024,1,8,,16,4,0.3,10,0.05,0.9,True,0.0005,"<Client: 'inproc://172.31.40.124/27181/1' processes=1 threads=4, memory=16.48 GB>",10584,5419008,110,108,4,2560,512,0.010000000000000002,66.67038011550903,0.9039999842643738,0.340780908203125,4.929484128952026
108,0.9030999541282654,<class 'model.Wide_ResNet'>,<class 'torch.nn.modules.loss.CrossEntropyLoss'>,<class 'torch.optim.sgd.SGD'>,,cuda:0,,128,200,0.05,512,512,1024,1,8,,16,4,0.3,10,0.05,0.9,True,0.0005,"<Client: 'inproc://172.31.40.124/27181/1' processes=1 threads=4, memory=16.48 GB>",10682,5469184,111,109,4,2560,512,0.010000000000000002,67.12376642227173,0.9030999541282654,0.33863812561035156,4.977768898010254
109,0.9081999659538269,<class 'model.Wide_ResNet'>,<class 'torch.nn.modules.loss.CrossEntropyLoss'>,<class 'torch.optim.sgd.SGD'>,,cuda:0,,128,200,0.05,512,512,1024,1,8,,16,4,0.3,10,0.05,0.9,True,0.0005,"<Client: 'inproc://172.31.40.124/27181/1' processes=1 threads=4, memory=16.48 GB>",10780,5519360,112,110,4,2560,512,0.010000000000000002,68.69608116149902,0.9081999659538269,0.3322904998779297,4.905198335647583
110,0.9027999639511108,<class 'model.Wide_ResNet'>,<class 'torch.nn.modules.loss.CrossEntropyLoss'>,<class 'torch.optim.sgd.SGD'>,,cuda:0,,128,200,0.05,512,512,1024,1,8,,16,4,0.3,10,0.05,0.9,True,0.0005,"<Client: 'inproc://172.31.40.124/27181/1' processes=1 threads=4, memory=16.48 GB>",10878,5569536,113,111,4,2560,512,0.010000000000000002,66.53773713111877,0.9027999639511108,0.3415297576904297,4.9357194900512695
111,0.9048999547958374,<class 'model.Wide_ResNet'>,<class 'torch.nn.modules.loss.CrossEntropyLoss'>,<class 'torch.optim.sgd.SGD'>,,cuda:0,,128,200,0.05,512,512,1024,1,8,,16,4,0.3,10,0.05,0.9,True,0.0005,"<Client: 'inproc://172.31.40.124/27181/1' processes=1 threads=4, memory=16.48 GB>",10976,5619712,114,112,4,2560,512,0.010000000000000002,66.88011431694031,0.9048999547958374,0.3408371826171875,4.9493248462677
112,0.9065999984741211,<class 'model.Wide_ResNet'>,<class 'torch.nn.modules.loss.CrossEntropyLoss'>,<class 'torch.optim.sgd.SGD'>,,cuda:0,,128,200,0.05,512,512,1024,1,8,,16,4,0.3,10,0.05,0.9,True,0.0005,"<Client: 'inproc://172.31.40.124/27181/1' processes=1 threads=4, memory=16.48 GB>",11074,5669888,115,113,4,2560,512,0.010000000000000002,68.67793321609497,0.9065999984741211,0.3293981903076172,4.982334613800049
113,0.9044999480247498,<class 'model.Wide_ResNet'>,<class 'torch.nn.modules.loss.CrossEntropyLoss'>,<class 'torch.optim.sgd.SGD'>,,cuda:0,,128,200,0.05,512,512,1024,1,8,,16,4,0.3,10,0.05,0.9,True,0.0005,"<Client: 'inproc://172.31.40.124/27181/1' processes=1 threads=4, memory=16.48 GB>",11172,5720064,116,114,4,2560,512,0.010000000000000002,67.29966688156128,0.9044999480247498,0.34535390625,4.908033847808838
114,0.9016000032424927,<class 'model.Wide_ResNet'>,<class 'torch.nn.modules.loss.CrossEntropyLoss'>,<class 'torch.optim.sgd.SGD'>,,cuda:0,,128,200,0.05,512,512,1024,1,8,,16,4,0.3,10,0.05,0.9,True,0.0005,"<Client: 'inproc://172.31.40.124/27181/1' processes=1 threads=4, memory=16.48 GB>",11270,5770240,117,115,4,2560,512,0.010000000000000002,66.65234375,0.9016000032424927,0.3371513427734375,4.94357442855835
115,0.9010999798774719,<class 'model.Wide_ResNet'>,<class 'torch.nn.modules.loss.CrossEntropyLoss'>,<class 'torch.optim.sgd.SGD'>,,cuda:0,,128,200,0.05,512,512,1024,1,8,,16,4,0.3,10,0.05,0.9,True,0.0005,"<Client: 'inproc://172.31.40.124/27181/1' processes=1 threads=4, memory=16.48 GB>",11368,5820416,118,116,4,2560,512,0.010000000000000002,66.74808716773987,0.9010999798774719,0.3532799865722656,4.8958165645599365
116,0.904699981212616,<class 'model.Wide_ResNet'>,<class 'torch.nn.modules.loss.CrossEntropyLoss'>,<class 'torch.optim.sgd.SGD'>,,cuda:0,,128,200,0.05,512,512,1024,1,8,,16,4,0.3,10,0.05,0.9,True,0.0005,"<Client: 'inproc://172.31.40.124/27181/1' processes=1 threads=4, memory=16.48 GB>",11466,5870592,119,117,4,2560,512,0.010000000000000002,68.63768434524536,0.904699981212616,0.3430205139160156,4.920751094818115
117,0.9018999934196472,<class 'model.Wide_ResNet'>,<class 'torch.nn.modules.loss.CrossEntropyLoss'>,<class 'torch.optim.sgd.SGD'>,,cuda:0,,128,200,0.05,512,512,1024,1,8,,16,4,0.3,10,0.05,0.9,True,0.0005,"<Client: 'inproc://172.31.40.124/27181/1' processes=1 threads=4, memory=16.48 GB>",11564,5920768,120,118,4,2560,512,0.010000000000000002,67.3724434375763,0.9018999934196472,0.3379799530029297,4.924914836883545
118,0.9063999652862549,<class 'model.Wide_ResNet'>,<class 'torch.nn.modules.loss.CrossEntropyLoss'>,<class 'torch.optim.sgd.SGD'>,,cuda:0,,128,200,0.05,512,512,1024,1,8,,16,4,0.3,10,0.05,0.9,True,0.0005,"<Client: 'inproc://172.31.40.124/27181/1' processes=1 threads=4, memory=16.48 GB>",11662,5970944,121,119,4,2560,512,0.010000000000000002,66.53240847587585,0.9063999652862549,0.31896511840820313,4.89790940284729
119,0.9024999737739563,<class 'model.Wide_ResNet'>,<class 'torch.nn.modules.loss.CrossEntropyLoss'>,<class 'torch.optim.sgd.SGD'>,,cuda:0,,128,200,0.05,512,512,1024,1,8,,16,4,0.3,10,0.05,0.9,True,0.0005,"<Client: 'inproc://172.31.40.124/27181/1' processes=1 threads=4, memory=16.48 GB>",11760,6021120,122,120,4,2560,512,0.010000000000000002,68.30968260765076,0.9024999737739563,0.3419173034667969,4.887875318527222
120,0.9045999646186829,<class 'model.Wide_ResNet'>,<class 'torch.nn.modules.loss.CrossEntropyLoss'>,<class 'torch.optim.sgd.SGD'>,,cuda:0,,128,200,0.05,512,512,1024,1,8,,16,4,0.3,10,0.05,0.9,True,0.0005,"<Client: 'inproc://172.31.40.124/27181/1' processes=1 threads=4, memory=16.48 GB>",11858,6071296,124,121,4,12800,512,0.002,66.43909621238708,0.9045999646186829,0.3287207305908203,4.905309200286865
121,0.9104999899864197,<class 'model.Wide_ResNet'>,<class 'torch.nn.modules.loss.CrossEntropyLoss'>,<class 'torch.optim.sgd.SGD'>,,cuda:0,,128,200,0.05,512,512,1024,1,8,,16,4,0.3,10,0.05,0.9,True,0.0005,"<Client: 'inproc://172.31.40.124/27181/1' processes=1 threads=4, memory=16.48 GB>",11956,6121472,125,122,4,12800,512,0.002,66.51225423812866,0.9104999899864197,0.3195677947998047,4.884357690811157
122,0.9047999978065491,<class 'model.Wide_ResNet'>,<class 'torch.nn.modules.loss.CrossEntropyLoss'>,<class 'torch.optim.sgd.SGD'>,,cuda:0,,128,200,0.05,512,512,1024,1,8,,16,4,0.3,10,0.05,0.9,True,0.0005,"<Client: 'inproc://172.31.40.124/27181/1' processes=1 threads=4, memory=16.48 GB>",12054,6171648,126,123,4,12800,512,0.002,68.05970478057861,0.9047999978065491,0.3217818298339844,4.898199558258057
123,0.9095999598503113,<class 'model.Wide_ResNet'>,<class 'torch.nn.modules.loss.CrossEntropyLoss'>,<class 'torch.optim.sgd.SGD'>,,cuda:0,,128,200,0.05,512,512,1024,1,8,,16,4,0.3,10,0.05,0.9,True,0.0005,"<Client: 'inproc://172.31.40.124/27181/1' processes=1 threads=4, memory=16.48 GB>",12152,6221824,127,124,4,12800,512,0.002,66.83986163139343,0.9095999598503113,0.31874709777832033,4.944569110870361
124,0.9077999591827393,<class 'model.Wide_ResNet'>,<class 'torch.nn.modules.loss.CrossEntropyLoss'>,<class 'torch.optim.sgd.SGD'>,,cuda:0,,128,200,0.05,512,512,1024,1,8,,16,4,0.3,10,0.05,0.9,True,0.0005,"<Client: 'inproc://172.31.40.124/27181/1' processes=1 threads=4, memory=16.48 GB>",12250,6272000,128,125,4,12800,512,0.002,66.97148513793945,0.9077999591827393,0.32373992919921873,4.93602442741394
125,0.9114999771118164,<class 'model.Wide_ResNet'>,<class 'torch.nn.modules.loss.CrossEntropyLoss'>,<class 'torch.optim.sgd.SGD'>,,cuda:0,,128,200,0.05,512,512,1024,1,8,,16,4,0.3,10,0.05,0.9,True,0.0005,"<Client: 'inproc://172.31.40.124/27181/1' processes=1 threads=4, memory=16.48 GB>",12348,6322176,129,126,4,12800,512,0.002,67.8270571231842,0.9114999771118164,0.3200964477539063,5.016550779342651
126,0.9092999696731567,<class 'model.Wide_ResNet'>,<class 'torch.nn.modules.loss.CrossEntropyLoss'>,<class 'torch.optim.sgd.SGD'>,,cuda:0,,128,200,0.05,512,512,1024,1,8,,16,4,0.3,10,0.05,0.9,True,0.0005,"<Client: 'inproc://172.31.40.124/27181/1' processes=1 threads=4, memory=16.48 GB>",12446,6372352,130,127,4,12800,512,0.002,70.25105118751526,0.9092999696731567,0.3166257141113281,5.100392818450928
127,0.9088000059127808,<class 'model.Wide_ResNet'>,<class 'torch.nn.modules.loss.CrossEntropyLoss'>,<class 'torch.optim.sgd.SGD'>,,cuda:0,,128,200,0.05,512,512,1024,1,8,,16,4,0.3,10,0.05,0.9,True,0.0005,"<Client: 'inproc://172.31.40.124/27181/1' processes=1 threads=4, memory=16.48 GB>",12544,6422528,131,128,4,12800,512,0.002,69.23660206794739,0.9088000059127808,0.3175969787597656,5.078256130218506
128,0.9088000059127808,<class 'model.Wide_ResNet'>,<class 'torch.nn.modules.loss.CrossEntropyLoss'>,<class 'torch.optim.sgd.SGD'>,,cuda:0,,128,200,0.05,512,512,1024,1,8,,16,4,0.3,10,0.05,0.9,True,0.0005,"<Client: 'inproc://172.31.40.124/27181/1' processes=1 threads=4, memory=16.48 GB>",12642,6472704,132,129,4,12800,512,0.002,68.98744583129883,0.9088000059127808,0.3153318145751953,5.045819520950317
129,0.9088000059127808,<class 'model.Wide_ResNet'>,<class 'torch.nn.modules.loss.CrossEntropyLoss'>,<class 'torch.optim.sgd.SGD'>,,cuda:0,,128,200,0.05,512,512,1024,1,8,,16,4,0.3,10,0.05,0.9,True,0.0005,"<Client: 'inproc://172.31.40.124/27181/1' processes=1 threads=4, memory=16.48 GB>",12740,6522880,133,130,4,12800,512,0.002,69.56571388244629,0.9088000059127808,0.32528167419433596,4.911344528198242
130,0.9072999954223633,<class 'model.Wide_ResNet'>,<class 'torch.nn.modules.loss.CrossEntropyLoss'>,<class 'torch.optim.sgd.SGD'>,,cuda:0,,128,200,0.05,512,512,1024,1,8,,16,4,0.3,10,0.05,0.9,True,0.0005,"<Client: 'inproc://172.31.40.124/27181/1' processes=1 threads=4, memory=16.48 GB>",12838,6573056,134,131,4,12800,512,0.002,66.63052821159363,0.9072999954223633,0.3199611114501953,4.912365198135376
131,0.910099983215332,<class 'model.Wide_ResNet'>,<class 'torch.nn.modules.loss.CrossEntropyLoss'>,<class 'torch.optim.sgd.SGD'>,,cuda:0,,128,200,0.05,512,512,1024,1,8,,16,4,0.3,10,0.05,0.9,True,0.0005,"<Client: 'inproc://172.31.40.124/27181/1' processes=1 threads=4, memory=16.48 GB>",12936,6623232,135,132,4,12800,512,0.002,66.86658430099487,0.910099983215332,0.31914577026367186,4.915845632553101
132,0.9099999666213989,<class 'model.Wide_ResNet'>,<class 'torch.nn.modules.loss.CrossEntropyLoss'>,<class 'torch.optim.sgd.SGD'>,,cuda:0,,128,200,0.05,512,512,1024,1,8,,16,4,0.3,10,0.05,0.9,True,0.0005,"<Client: 'inproc://172.31.40.124/27181/1' processes=1 threads=4, memory=16.48 GB>",13034,6673408,136,133,4,12800,512,0.002,67.08850264549255,0.9099999666213989,0.32446327819824217,6.683801174163818
133,0.9073999524116516,<class 'model.Wide_ResNet'>,<class 'torch.nn.modules.loss.CrossEntropyLoss'>,<class 'torch.optim.sgd.SGD'>,,cuda:0,,128,200,0.05,512,512,1024,1,8,,16,4,0.3,10,0.05,0.9,True,0.0005,"<Client: 'inproc://172.31.40.124/27181/1' processes=1 threads=4, memory=16.48 GB>",13132,6723584,137,134,4,12800,512,0.002,68.28536415100098,0.9073999524116516,0.3278838806152344,4.905487775802612
134,0.9126999974250793,<class 'model.Wide_ResNet'>,<class 'torch.nn.modules.loss.CrossEntropyLoss'>,<class 'torch.optim.sgd.SGD'>,,cuda:0,,128,200,0.05,512,512,1024,1,8,,16,4,0.3,10,0.05,0.9,True,0.0005,"<Client: 'inproc://172.31.40.124/27181/1' processes=1 threads=4, memory=16.48 GB>",13230,6773760,138,135,4,12800,512,0.002,66.50308799743652,0.9126999974250793,0.3169268768310547,4.915384292602539
135,0.9103999733924866,<class 'model.Wide_ResNet'>,<class 'torch.nn.modules.loss.CrossEntropyLoss'>,<class 'torch.optim.sgd.SGD'>,,cuda:0,,128,200,0.05,512,512,1024,1,8,,16,4,0.3,10,0.05,0.9,True,0.0005,"<Client: 'inproc://172.31.40.124/27181/1' processes=1 threads=4, memory=16.48 GB>",13328,6823936,139,136,4,12800,512,0.002,66.5882523059845,0.9103999733924866,0.3272320037841797,4.915504455566406
136,0.9085999727249146,<class 'model.Wide_ResNet'>,<class 'torch.nn.modules.loss.CrossEntropyLoss'>,<class 'torch.optim.sgd.SGD'>,,cuda:0,,128,200,0.05,512,512,1024,1,8,,16,4,0.3,10,0.05,0.9,True,0.0005,"<Client: 'inproc://172.31.40.124/27181/1' processes=1 threads=4, memory=16.48 GB>",13426,6874112,140,137,4,12800,512,0.002,68.69653606414795,0.9085999727249146,0.32509907836914065,4.905880689620972
137,0.9103999733924866,<class 'model.Wide_ResNet'>,<class 'torch.nn.modules.loss.CrossEntropyLoss'>,<class 'torch.optim.sgd.SGD'>,,cuda:0,,128,200,0.05,512,512,1024,1,8,,16,4,0.3,10,0.05,0.9,True,0.0005,"<Client: 'inproc://172.31.40.124/27181/1' processes=1 threads=4, memory=16.48 GB>",13524,6924288,141,138,4,12800,512,0.002,67.29361605644226,0.9103999733924866,0.3108991439819336,4.956241130828857
138,0.9097999930381775,<class 'model.Wide_ResNet'>,<class 'torch.nn.modules.loss.CrossEntropyLoss'>,<class 'torch.optim.sgd.SGD'>,,cuda:0,,128,200,0.05,512,512,1024,1,8,,16,4,0.3,10,0.05,0.9,True,0.0005,"<Client: 'inproc://172.31.40.124/27181/1' processes=1 threads=4, memory=16.48 GB>",13622,6974464,142,139,4,12800,512,0.002,66.5947253704071,0.9097999930381775,0.31925938110351565,4.9248127937316895
139,0.9088999629020691,<class 'model.Wide_ResNet'>,<class 'torch.nn.modules.loss.CrossEntropyLoss'>,<class 'torch.optim.sgd.SGD'>,,cuda:0,,128,200,0.05,512,512,1024,1,8,,16,4,0.3,10,0.05,0.9,True,0.0005,"<Client: 'inproc://172.31.40.124/27181/1' processes=1 threads=4, memory=16.48 GB>",13720,7024640,143,140,4,12800,512,0.002,68.16502976417542,0.9088999629020691,0.3173062255859375,4.9122772216796875
140,0.9089999794960022,<class 'model.Wide_ResNet'>,<class 'torch.nn.modules.loss.CrossEntropyLoss'>,<class 'torch.optim.sgd.SGD'>,,cuda:0,,128,200,0.05,512,512,1024,1,8,,16,4,0.3,10,0.05,0.9,True,0.0005,"<Client: 'inproc://172.31.40.124/27181/1' processes=1 threads=4, memory=16.48 GB>",13818,7074816,144,141,4,12800,512,0.002,66.92301154136658,0.9089999794960022,0.32411040649414063,4.969701051712036
141,0.910099983215332,<class 'model.Wide_ResNet'>,<class 'torch.nn.modules.loss.CrossEntropyLoss'>,<class 'torch.optim.sgd.SGD'>,,cuda:0,,128,200,0.05,512,512,1024,1,8,,16,4,0.3,10,0.05,0.9,True,0.0005,"<Client: 'inproc://172.31.40.124/27181/1' processes=1 threads=4, memory=16.48 GB>",13916,7124992,145,142,4,12800,512,0.002,67.56321501731873,0.910099983215332,0.32179769897460936,4.9885947704315186
142,0.9107999801635742,<class 'model.Wide_ResNet'>,<class 'torch.nn.modules.loss.CrossEntropyLoss'>,<class 'torch.optim.sgd.SGD'>,,cuda:0,,128,200,0.05,512,512,1024,1,8,,16,4,0.3,10,0.05,0.9,True,0.0005,"<Client: 'inproc://172.31.40.124/27181/1' processes=1 threads=4, memory=16.48 GB>",14014,7175168,146,143,4,12800,512,0.002,66.69521927833557,0.9107999801635742,0.32186794128417967,4.912980079650879
143,0.9115999937057495,<class 'model.Wide_ResNet'>,<class 'torch.nn.modules.loss.CrossEntropyLoss'>,<class 'torch.optim.sgd.SGD'>,,cuda:0,,128,200,0.05,512,512,1024,1,8,,16,4,0.3,10,0.05,0.9,True,0.0005,"<Client: 'inproc://172.31.40.124/27181/1' processes=1 threads=4, memory=16.48 GB>",14112,7225344,147,144,4,12800,512,0.002,68.21172523498535,0.9115999937057495,0.3194968505859375,4.904931306838989
144,0.9121999740600586,<class 'model.Wide_ResNet'>,<class 'torch.nn.modules.loss.CrossEntropyLoss'>,<class 'torch.optim.sgd.SGD'>,,cuda:0,,128,200,0.05,512,512,1024,1,8,,16,4,0.3,10,0.05,0.9,True,0.0005,"<Client: 'inproc://172.31.40.124/27181/1' processes=1 threads=4, memory=16.48 GB>",14210,7275520,148,145,4,12800,512,0.002,66.29540657997131,0.9121999740600586,0.31571012573242185,4.931615114212036
145,0.9092999696731567,<class 'model.Wide_ResNet'>,<class 'torch.nn.modules.loss.CrossEntropyLoss'>,<class 'torch.optim.sgd.SGD'>,,cuda:0,,128,200,0.05,512,512,1024,1,8,,16,4,0.3,10,0.05,0.9,True,0.0005,"<Client: 'inproc://172.31.40.124/27181/1' processes=1 threads=4, memory=16.48 GB>",14308,7325696,149,146,4,12800,512,0.002,66.38582301139832,0.9092999696731567,0.32582256774902346,4.899505138397217
146,0.9103999733924866,<class 'model.Wide_ResNet'>,<class 'torch.nn.modules.loss.CrossEntropyLoss'>,<class 'torch.optim.sgd.SGD'>,,cuda:0,,128,200,0.05,512,512,1024,1,8,,16,4,0.3,10,0.05,0.9,True,0.0005,"<Client: 'inproc://172.31.40.124/27181/1' processes=1 threads=4, memory=16.48 GB>",14406,7375872,150,147,4,12800,512,0.002,68.31104397773743,0.9103999733924866,0.32411959228515624,4.90206503868103
147,0.910099983215332,<class 'model.Wide_ResNet'>,<class 'torch.nn.modules.loss.CrossEntropyLoss'>,<class 'torch.optim.sgd.SGD'>,,cuda:0,,128,200,0.05,512,512,1024,1,8,,16,4,0.3,10,0.05,0.9,True,0.0005,"<Client: 'inproc://172.31.40.124/27181/1' processes=1 threads=4, memory=16.48 GB>",14504,7426048,151,148,4,12800,512,0.002,66.55375051498413,0.910099983215332,0.31357097320556643,4.908998489379883
148,0.9122999906539917,<class 'model.Wide_ResNet'>,<class 'torch.nn.modules.loss.CrossEntropyLoss'>,<class 'torch.optim.sgd.SGD'>,,cuda:0,,128,200,0.05,512,512,1024,1,8,,16,4,0.3,10,0.05,0.9,True,0.0005,"<Client: 'inproc://172.31.40.124/27181/1' processes=1 threads=4, memory=16.48 GB>",14602,7476224,152,149,4,12800,512,0.002,66.74556350708008,0.9122999906539917,0.32048281555175784,4.915358304977417
149,0.909500002861023,<class 'model.Wide_ResNet'>,<class 'torch.nn.modules.loss.CrossEntropyLoss'>,<class 'torch.optim.sgd.SGD'>,,cuda:0,,128,200,0.05,512,512,1024,1,8,,16,4,0.3,10,0.05,0.9,True,0.0005,"<Client: 'inproc://172.31.40.124/27181/1' processes=1 threads=4, memory=16.48 GB>",14700,7526400,153,150,4,12800,512,0.002,67.55748581886292,0.909500002861023,0.3154272796630859,5.008708238601685
150,0.909500002861023,<class 'model.Wide_ResNet'>,<class 'torch.nn.modules.loss.CrossEntropyLoss'>,<class 'torch.optim.sgd.SGD'>,,cuda:0,,128,200,0.05,512,512,1024,1,8,,16,4,0.3,10,0.05,0.9,True,0.0005,"<Client: 'inproc://172.31.40.124/27181/1' processes=1 threads=4, memory=16.48 GB>",14798,7576576,154,151,4,12800,512,0.002,69.08750772476196,0.909500002861023,0.31534149475097656,4.921379089355469
151,0.9085999727249146,<class 'model.Wide_ResNet'>,<class 'torch.nn.modules.loss.CrossEntropyLoss'>,<class 'torch.optim.sgd.SGD'>,,cuda:0,,128,200,0.05,512,512,1024,1,8,,16,4,0.3,10,0.05,0.9,True,0.0005,"<Client: 'inproc://172.31.40.124/27181/1' processes=1 threads=4, memory=16.48 GB>",14896,7626752,155,152,4,12800,512,0.002,67.0204713344574,0.9085999727249146,0.3211310302734375,4.938087463378906
152,0.9068999886512756,<class 'model.Wide_ResNet'>,<class 'torch.nn.modules.loss.CrossEntropyLoss'>,<class 'torch.optim.sgd.SGD'>,,cuda:0,,128,200,0.05,512,512,1024,1,8,,16,4,0.3,10,0.05,0.9,True,0.0005,"<Client: 'inproc://172.31.40.124/27181/1' processes=1 threads=4, memory=16.48 GB>",14994,7676928,156,153,4,12800,512,0.002,66.70136618614197,0.9068999886512756,0.323909619140625,4.916578769683838
153,0.9056999683380127,<class 'model.Wide_ResNet'>,<class 'torch.nn.modules.loss.CrossEntropyLoss'>,<class 'torch.optim.sgd.SGD'>,,cuda:0,,128,200,0.05,512,512,1024,1,8,,16,4,0.3,10,0.05,0.9,True,0.0005,"<Client: 'inproc://172.31.40.124/27181/1' processes=1 threads=4, memory=16.48 GB>",15092,7727104,157,154,4,12800,512,0.002,69.02850675582886,0.9056999683380127,0.3225342102050781,5.085417985916138
154,0.9092999696731567,<class 'model.Wide_ResNet'>,<class 'torch.nn.modules.loss.CrossEntropyLoss'>,<class 'torch.optim.sgd.SGD'>,,cuda:0,,128,200,0.05,512,512,1024,1,8,,16,4,0.3,10,0.05,0.9,True,0.0005,"<Client: 'inproc://172.31.40.124/27181/1' processes=1 threads=4, memory=16.48 GB>",15190,7777280,158,155,4,12800,512,0.002,67.26712799072266,0.9092999696731567,0.3230624237060547,4.94732666015625
155,0.9095999598503113,<class 'model.Wide_ResNet'>,<class 'torch.nn.modules.loss.CrossEntropyLoss'>,<class 'torch.optim.sgd.SGD'>,,cuda:0,,128,200,0.05,512,512,1024,1,8,,16,4,0.3,10,0.05,0.9,True,0.0005,"<Client: 'inproc://172.31.40.124/27181/1' processes=1 threads=4, memory=16.48 GB>",15288,7827456,159,156,4,12800,512,0.002,66.49139785766602,0.9095999598503113,0.3255371795654297,4.93066143989563
156,0.9111999869346619,<class 'model.Wide_ResNet'>,<class 'torch.nn.modules.loss.CrossEntropyLoss'>,<class 'torch.optim.sgd.SGD'>,,cuda:0,,128,200,0.05,512,512,1024,1,8,,16,4,0.3,10,0.05,0.9,True,0.0005,"<Client: 'inproc://172.31.40.124/27181/1' processes=1 threads=4, memory=16.48 GB>",15386,7877632,160,157,4,12800,512,0.002,66.82023978233337,0.9111999869346619,0.31346962890625,4.901452302932739
157,0.9109999537467957,<class 'model.Wide_ResNet'>,<class 'torch.nn.modules.loss.CrossEntropyLoss'>,<class 'torch.optim.sgd.SGD'>,,cuda:0,,128,200,0.05,512,512,1024,1,8,,16,4,0.3,10,0.05,0.9,True,0.0005,"<Client: 'inproc://172.31.40.124/27181/1' processes=1 threads=4, memory=16.48 GB>",15484,7927808,161,158,4,12800,512,0.002,68.75826406478882,0.9109999537467957,0.32795388488769533,4.950267791748047
158,0.9084999561309814,<class 'model.Wide_ResNet'>,<class 'torch.nn.modules.loss.CrossEntropyLoss'>,<class 'torch.optim.sgd.SGD'>,,cuda:0,,128,200,0.05,512,512,1024,1,8,,16,4,0.3,10,0.05,0.9,True,0.0005,"<Client: 'inproc://172.31.40.124/27181/1' processes=1 threads=4, memory=16.48 GB>",15582,7977984,162,159,4,12800,512,0.002,67.35261964797974,0.9084999561309814,0.3260565826416016,4.907024145126343
159,0.9098999500274658,<class 'model.Wide_ResNet'>,<class 'torch.nn.modules.loss.CrossEntropyLoss'>,<class 'torch.optim.sgd.SGD'>,,cuda:0,,128,200,0.05,512,512,1024,1,8,,16,4,0.3,10,0.05,0.9,True,0.0005,"<Client: 'inproc://172.31.40.124/27181/1' processes=1 threads=4, memory=16.48 GB>",15680,8028160,163,160,4,12800,512,0.002,66.5329749584198,0.9098999500274658,0.31601558837890625,4.913459062576294
160,0.9091999530792236,<class 'model.Wide_ResNet'>,<class 'torch.nn.modules.loss.CrossEntropyLoss'>,<class 'torch.optim.sgd.SGD'>,,cuda:0,,128,200,0.05,512,512,1024,1,8,,16,4,0.3,10,0.05,0.9,True,0.0005,"<Client: 'inproc://172.31.40.124/27181/1' processes=1 threads=4, memory=16.48 GB>",15778,8078336,164,161,4,12800,512,0.002,68.3729202747345,0.9091999530792236,0.3264684783935547,4.918973684310913
161,0.9091999530792236,<class 'model.Wide_ResNet'>,<class 'torch.nn.modules.loss.CrossEntropyLoss'>,<class 'torch.optim.sgd.SGD'>,,cuda:0,,128,200,0.05,512,512,1024,1,8,,16,4,0.3,10,0.05,0.9,True,0.0005,"<Client: 'inproc://172.31.40.124/27181/1' processes=1 threads=4, memory=16.48 GB>",15876,8128512,165,162,4,12800,512,0.002,67.11519503593445,0.9091999530792236,0.31634674682617187,4.998279333114624
162,0.9093999862670898,<class 'model.Wide_ResNet'>,<class 'torch.nn.modules.loss.CrossEntropyLoss'>,<class 'torch.optim.sgd.SGD'>,,cuda:0,,128,200,0.05,512,512,1024,1,8,,16,4,0.3,10,0.05,0.9,True,0.0005,"<Client: 'inproc://172.31.40.124/27181/1' processes=1 threads=4, memory=16.48 GB>",15974,8178688,166,163,4,12800,512,0.002,67.4256649017334,0.9093999862670898,0.32195030517578127,4.907475233078003
163,0.90829998254776,<class 'model.Wide_ResNet'>,<class 'torch.nn.modules.loss.CrossEntropyLoss'>,<class 'torch.optim.sgd.SGD'>,,cuda:0,,128,200,0.05,512,512,1024,1,8,,16,4,0.3,10,0.05,0.9,True,0.0005,"<Client: 'inproc://172.31.40.124/27181/1' processes=1 threads=4, memory=16.48 GB>",16072,8228864,167,164,4,12800,512,0.002,66.62152528762817,0.90829998254776,0.32261156005859376,4.910016775131226
164,0.9067999720573425,<class 'model.Wide_ResNet'>,<class 'torch.nn.modules.loss.CrossEntropyLoss'>,<class 'torch.optim.sgd.SGD'>,,cuda:0,,128,200,0.05,512,512,1024,1,8,,16,4,0.3,10,0.05,0.9,True,0.0005,"<Client: 'inproc://172.31.40.124/27181/1' processes=1 threads=4, memory=16.48 GB>",16170,8279040,168,165,4,12800,512,0.002,68.19126319885254,0.9067999720573425,0.3228888381958008,4.929215431213379
165,0.9075999855995178,<class 'model.Wide_ResNet'>,<class 'torch.nn.modules.loss.CrossEntropyLoss'>,<class 'torch.optim.sgd.SGD'>,,cuda:0,,128,200,0.05,512,512,1024,1,8,,16,4,0.3,10,0.05,0.9,True,0.0005,"<Client: 'inproc://172.31.40.124/27181/1' processes=1 threads=4, memory=16.48 GB>",16268,8329216,169,166,4,12800,512,0.002,66.88840818405151,0.9075999855995178,0.32906268310546877,4.915734767913818
166,0.9106999635696411,<class 'model.Wide_ResNet'>,<class 'torch.nn.modules.loss.CrossEntropyLoss'>,<class 'torch.optim.sgd.SGD'>,,cuda:0,,128,200,0.05,512,512,1024,1,8,,16,4,0.3,10,0.05,0.9,True,0.0005,"<Client: 'inproc://172.31.40.124/27181/1' processes=1 threads=4, memory=16.48 GB>",16366,8379392,170,167,4,12800,512,0.002,67.54250073432922,0.9106999635696411,0.31987432861328124,4.936990022659302
167,0.9101999998092651,<class 'model.Wide_ResNet'>,<class 'torch.nn.modules.loss.CrossEntropyLoss'>,<class 'torch.optim.sgd.SGD'>,,cuda:0,,128,200,0.05,512,512,1024,1,8,,16,4,0.3,10,0.05,0.9,True,0.0005,"<Client: 'inproc://172.31.40.124/27181/1' processes=1 threads=4, memory=16.48 GB>",16464,8429568,171,168,4,12800,512,0.002,68.28887939453125,0.9101999998092651,0.31774389343261716,4.911383867263794
168,0.9084999561309814,<class 'model.Wide_ResNet'>,<class 'torch.nn.modules.loss.CrossEntropyLoss'>,<class 'torch.optim.sgd.SGD'>,,cuda:0,,128,200,0.05,512,512,1024,1,8,,16,4,0.3,10,0.05,0.9,True,0.0005,"<Client: 'inproc://172.31.40.124/27181/1' processes=1 threads=4, memory=16.48 GB>",16562,8479744,172,169,4,12800,512,0.002,66.51748871803284,0.9084999561309814,0.32901829833984375,4.934627532958984
169,0.9075999855995178,<class 'model.Wide_ResNet'>,<class 'torch.nn.modules.loss.CrossEntropyLoss'>,<class 'torch.optim.sgd.SGD'>,,cuda:0,,128,200,0.05,512,512,1024,1,8,,16,4,0.3,10,0.05,0.9,True,0.0005,"<Client: 'inproc://172.31.40.124/27181/1' processes=1 threads=4, memory=16.48 GB>",16660,8529920,173,170,4,12800,512,0.002,66.51297998428345,0.9075999855995178,0.3246959991455078,4.902824401855469
170,0.9084999561309814,<class 'model.Wide_ResNet'>,<class 'torch.nn.modules.loss.CrossEntropyLoss'>,<class 'torch.optim.sgd.SGD'>,,cuda:0,,128,200,0.05,512,512,1024,1,8,,16,4,0.3,10,0.05,0.9,True,0.0005,"<Client: 'inproc://172.31.40.124/27181/1' processes=1 threads=4, memory=16.48 GB>",16758,8580096,174,171,4,12800,512,0.002,66.51550483703613,0.9084999561309814,0.3249884765625,4.897858619689941
171,0.9079999923706055,<class 'model.Wide_ResNet'>,<class 'torch.nn.modules.loss.CrossEntropyLoss'>,<class 'torch.optim.sgd.SGD'>,,cuda:0,,128,200,0.05,512,512,1024,1,8,,16,4,0.3,10,0.05,0.9,True,0.0005,"<Client: 'inproc://172.31.40.124/27181/1' processes=1 threads=4, memory=16.48 GB>",16856,8630272,175,172,4,12800,512,0.002,68.19935321807861,0.9079999923706055,0.3313660095214844,4.913388252258301
172,0.910099983215332,<class 'model.Wide_ResNet'>,<class 'torch.nn.modules.loss.CrossEntropyLoss'>,<class 'torch.optim.sgd.SGD'>,,cuda:0,,128,200,0.05,512,512,1024,1,8,,16,4,0.3,10,0.05,0.9,True,0.0005,"<Client: 'inproc://172.31.40.124/27181/1' processes=1 threads=4, memory=16.48 GB>",16954,8680448,176,173,4,12800,512,0.002,66.54390668869019,0.910099983215332,0.3226371612548828,4.92375636100769
173,0.9072999954223633,<class 'model.Wide_ResNet'>,<class 'torch.nn.modules.loss.CrossEntropyLoss'>,<class 'torch.optim.sgd.SGD'>,,cuda:0,,128,200,0.05,512,512,1024,1,8,,16,4,0.3,10,0.05,0.9,True,0.0005,"<Client: 'inproc://172.31.40.124/27181/1' processes=1 threads=4, memory=16.48 GB>",17052,8730624,177,174,4,12800,512,0.002,66.74155902862549,0.9072999954223633,0.32442750549316407,4.9273681640625
174,0.9102999567985535,<class 'model.Wide_ResNet'>,<class 'torch.nn.modules.loss.CrossEntropyLoss'>,<class 'torch.optim.sgd.SGD'>,,cuda:0,,128,200,0.05,512,512,1024,1,8,,16,4,0.3,10,0.05,0.9,True,0.0005,"<Client: 'inproc://172.31.40.124/27181/1' processes=1 threads=4, memory=16.48 GB>",17150,8780800,178,175,4,12800,512,0.002,69.20980095863342,0.9102999567985535,0.32015718994140624,4.976973056793213
175,0.9085999727249146,<class 'model.Wide_ResNet'>,<class 'torch.nn.modules.loss.CrossEntropyLoss'>,<class 'torch.optim.sgd.SGD'>,,cuda:0,,128,200,0.05,512,512,1024,1,8,,16,4,0.3,10,0.05,0.9,True,0.0005,"<Client: 'inproc://172.31.40.124/27181/1' processes=1 threads=4, memory=16.48 GB>",17248,8830976,179,176,4,12800,512,0.002,66.93856310844421,0.9085999727249146,0.3349118988037109,4.9493114948272705
176,0.9095999598503113,<class 'model.Wide_ResNet'>,<class 'torch.nn.modules.loss.CrossEntropyLoss'>,<class 'torch.optim.sgd.SGD'>,,cuda:0,,128,200,0.05,512,512,1024,1,8,,16,4,0.3,10,0.05,0.9,True,0.0005,"<Client: 'inproc://172.31.40.124/27181/1' processes=1 threads=4, memory=16.48 GB>",17346,8881152,180,177,4,12800,512,0.002,66.62552380561829,0.9095999598503113,0.32438438110351564,4.926050186157227
177,0.9098999500274658,<class 'model.Wide_ResNet'>,<class 'torch.nn.modules.loss.CrossEntropyLoss'>,<class 'torch.optim.sgd.SGD'>,,cuda:0,,128,200,0.05,512,512,1024,1,8,,16,4,0.3,10,0.05,0.9,True,0.0005,"<Client: 'inproc://172.31.40.124/27181/1' processes=1 threads=4, memory=16.48 GB>",17444,8931328,181,178,4,12800,512,0.002,66.72200679779053,0.9098999500274658,0.3198097930908203,4.915472030639648
178,0.9089999794960022,<class 'model.Wide_ResNet'>,<class 'torch.nn.modules.loss.CrossEntropyLoss'>,<class 'torch.optim.sgd.SGD'>,,cuda:0,,128,200,0.05,512,512,1024,1,8,,16,4,0.3,10,0.05,0.9,True,0.0005,"<Client: 'inproc://172.31.40.124/27181/1' processes=1 threads=4, memory=16.48 GB>",17542,8981504,182,179,4,12800,512,0.002,69.16506385803223,0.9089999794960022,0.31960164489746096,4.983344078063965
179,0.911899983882904,<class 'model.Wide_ResNet'>,<class 'torch.nn.modules.loss.CrossEntropyLoss'>,<class 'torch.optim.sgd.SGD'>,,cuda:0,,128,200,0.05,512,512,1024,1,8,,16,4,0.3,10,0.05,0.9,True,0.0005,"<Client: 'inproc://172.31.40.124/27181/1' processes=1 threads=4, memory=16.48 GB>",17640,9031680,183,180,4,12800,512,0.002,66.91275572776794,0.911899983882904,0.32231001892089844,4.91286039352417
180,0.9106999635696411,<class 'model.Wide_ResNet'>,<class 'torch.nn.modules.loss.CrossEntropyLoss'>,<class 'torch.optim.sgd.SGD'>,,cuda:0,,128,200,0.05,512,512,1024,1,8,,16,4,0.3,10,0.05,0.9,True,0.0005,"<Client: 'inproc://172.31.40.124/27181/1' processes=1 threads=4, memory=16.48 GB>",17738,9081856,185,181,4,64000,512,0.0004,66.72777819633484,0.9106999635696411,0.31442650451660153,4.919512510299683
